0	3861
0	4520
0	1792
1	1781
1	4307
1	1409
1	5560
2	1875
2	3780
2	4176
3	946
3	3654
3	2971
4	2971
4	4176
4	1689
4	5817
4	190
4	3780
4	1875
4	3654
4	946
5	5950
5	4226
5	2512
6	1401
6	2512
6	3781
6	4226
6	5950
7	3831
7	6059
7	4534
7	6057
7	4061
7	5321
7	1035
8	6059
8	4534
8	4061
8	6056
9	755
9	5220
9	232
9	45
9	2185
10	755
10	45
10	2185
11	2648
11	4909
11	4313
11	5040
12	4958
12	3544
13	4078
13	1887
14	5876
14	469
15	4616
15	3502
15	3239
15	611
15	1511
16	611
16	3239
16	3502
17	2664
17	4107
18	5824
18	2087
18	2562
19	31
19	3224
20	5824
20	3224
21	2956
21	4236
22	853
22	2865
23	2583
23	1325
24	2583
24	5897
25	1407
25	3586
26	3318
26	4211
27	3318
27	5225
27	2252
27	2940
28	4211
28	5121
29	3318
29	4211
30	510
30	4118
31	1532
31	1223
31	1041
31	5068
31	2728
31	4178
32	4178
32	2728
33	2503
33	5003
34	3343
34	4724
34	3050
35	280
35	3100
35	5417
35	1263
35	5614
36	5417
36	3100
36	280
37	1543
37	4485
37	2714
37	5364
37	6097
37	4418
38	4418
38	5364
38	2714
38	4485
38	1543
39	1880
39	2130
40	4793
40	4757
41	2646
41	6079
41	5688
41	4327
42	4327
42	6079
43	5813
43	3609
44	6164
44	2006
44	5767
44	6163
44	2753
45	4368
45	3887
46	1781
46	1532
46	736
46	1302
46	1957
46	2483
46	3166
46	706
47	1302
47	1532
48	4520
48	1181
49	2183
49	1655
50	216
50	2190
50	4566
51	2754
51	4430
52	2520
52	4430
53	4085
53	5517
53	3585
53	1854
53	1849
53	63
54	1854
54	1849
54	63
55	4887
55	4228
55	643
55	3413
56	3413
56	4228
56	4887
57	1186
57	2756
58	2518
58	4923
59	6096
59	552
60	224
60	295
61	4576
61	5861
62	5882
62	2838
62	4543
62	2853
62	3771
63	4596
63	2984
63	2845
63	4085
63	2875
64	4596
64	2845
64	4085
65	3499
65	4436
65	5303
65	2100
65	2987
65	3063
65	325
65	730
66	1923
66	5719
66	1945
66	556
66	5186
66	3500
67	5186
67	556
67	1945
68	1074
68	2259
68	5398
68	3854
68	5431
68	89
68	2878
68	5437
68	2545
69	4355
69	3715
69	5639
70	2313
70	4297
70	1528
70	4744
70	782
70	2246
70	3826
71	4104
71	1008
71	1483
71	6064
71	4390
71	2143
71	2725
71	59
71	2482
72	1483
72	4390
72	3815
72	2725
72	2482
73	4104
73	1483
73	4390
73	2482
74	4104
74	1008
74	6064
74	2143
74	2725
74	59
75	3815
75	2725
75	59
76	6064
76	2482
77	3247
77	5675
78	5125
78	1255
78	6019
79	6019
79	3461
79	3015
79	1255
79	5125
79	3793
79	4641
79	2857
79	4640
79	2790
80	2675
80	921
80	924
80	2712
80	5802
81	5802
81	2712
81	924
81	921
81	2675
81	5353
81	5613
82	1297
82	4777
82	448
83	3591
83	1504
83	492
84	4372
84	4777
84	448
85	3591
85	492
86	1124
86	2746
86	3828
86	2058
86	1977
86	135
86	5042
87	135
87	2058
88	3828
88	2746
89	5042
89	135
89	1977
89	2058
89	1124
90	5324
90	1627
90	3267
90	866
91	5324
91	4
91	3771
91	211
91	1627
91	3267
91	386
91	866
92	2840
92	2086
92	1945
92	3646
92	2262
93	4267
93	1945
93	186
94	2840
94	2086
94	3646
94	2472
94	2262
95	791
95	3585
95	5792
96	848
96	3920
97	130
97	4116
98	5877
98	4488
98	4346
98	4718
98	5976
98	5368
98	1022
99	4744
99	1989
100	2901
100	4890
100	4309
100	1989
100	378
101	1477
101	2143
102	2143
102	1379
102	1773
102	1477
102	3928
103	3928
103	1773
104	53
104	6090
104	3655
104	678
105	3452
105	5768
106	5377
106	2848
107	5267
107	329
108	642
108	2303
109	3516
109	1965
110	710
110	1965
110	3516
110	4174
110	5706
110	4087
111	220
111	3113
112	220
112	572
113	1855
113	1994
114	3532
114	282
115	1236
115	3310
116	3310
116	1236
116	3277
117	2571
117	5148
117	707
117	3265
117	2041
117	3953
117	5641
117	964
117	1610
118	1610
118	964
118	3953
118	5148
118	2571
119	3973
119	3293
120	5649
120	5291
120	35
121	2459
121	313
121	1573
122	313
122	2459
123	124
123	1258
123	2567
123	512
123	2330
123	4704
124	124
124	1258
124	2567
124	512
124	2330
124	4704
124	274
125	4782
125	4854
125	786
126	3848
126	4662
126	5929
127	3826
127	4147
127	2800
128	2800
128	4964
128	4147
128	3826
129	4147
129	4964
130	1260
130	1132
131	1132
131	1733
131	1260
132	2431
132	2241
133	1701
133	3895
133	2234
133	2644
133	5896
133	3027
133	4871
134	4871
134	5896
134	2234
134	1701
135	3043
135	2360
135	2642
136	493
136	2642
136	5359
136	2360
136	3043
136	2535
136	5501
137	5466
137	2525
137	4912
137	1985
137	5503
137	1954
137	4805
138	5466
138	2525
138	4912
138	5503
138	1954
138	4805
139	6084
139	169
139	1952
139	5019
139	2165
140	4617
140	2869
140	5971
140	1388
140	446
140	1556
141	1556
141	1388
141	2869
142	2230
142	4580
142	941
142	734
142	4535
143	2886
143	3983
143	3419
143	1156
143	2288
144	3602
144	3771
144	2288
144	1156
144	3419
144	2472
144	3983
144	2886
144	1535
145	1535
145	2472
146	2961
146	2072
147	4645
147	5975
147	1382
147	1011
147	2324
147	3361
147	4665
148	2286
148	3117
148	5287
148	1055
148	848
148	738
149	4333
149	3127
149	4259
149	3591
149	1101
149	4353
149	4362
150	4576
150	4587
150	2161
150	1558
150	30
150	2697
150	2862
151	5120
151	316
152	1581
152	5795
152	4450
153	2355
153	2725
153	2709
153	5267
154	2725
154	5267
155	118
155	5475
155	2241
155	4018
155	5752
155	145
156	1733
156	5637
157	5637
157	145
157	5752
157	1733
157	4018
157	2241
157	5475
157	118
158	2408
158	864
159	2575
159	1706
159	623
160	864
160	1706
160	623
161	1706
161	623
162	2008
162	1526
162	5158
162	962
163	962
163	5158
163	2008
164	962
164	5158
165	700
165	4016
166	5670
166	4623
167	1434
167	4357
167	2190
167	4024
168	197
168	1517
168	1926
169	5540
169	1573
169	10
169	782
170	3858
170	700
170	5249
171	5276
171	4363
172	2281
172	4912
172	5309
173	226
173	5741
173	238
174	3849
174	982
175	5509
175	2509
175	5507
176	5509
176	4576
176	2509
176	5507
176	5026
177	5737
177	3641
178	728
178	5478
178	4926
178	3331
179	5169
179	3331
180	2421
180	5129
181	5129
181	2421
181	2568
181	4782
182	4782
182	2421
182	5129
183	2115
183	3282
183	3319
183	1922
183	1006
183	799
183	1287
184	5822
184	561
185	561
185	3865
186	6005
186	6003
187	6005
187	468
187	5020
187	6003
188	5459
188	2927
189	2827
189	4657
190	2908
190	4072
190	2927
190	4657
190	5467
190	5459
190	2827
190	5803
191	5143
191	2116
192	5067
192	4505
193	5362
193	4505
193	5067
193	4051
193	1979
194	1979
194	5362
195	2405
195	3529
196	3140
196	2405
196	3529
197	3529
197	2405
197	3191
197	4888
197	1792
197	3140
198	4135
198	1523
198	1308
199	809
199	3789
200	809
200	4668
201	3789
201	4668
201	809
202	1395
202	3920
202	4480
203	4480
203	3920
203	1395
203	2497
204	3136
204	3798
205	848
205	2507
205	4468
205	3027
205	676
205	1449
205	1733
205	5729
206	5729
206	1733
206	1449
206	676
206	4468
206	2507
206	848
207	2207
207	3886
208	3886
208	1816
208	2207
209	291
209	3192
209	1881
209	33
210	2132
210	5576
210	3862
210	3933
210	5796
210	4358
211	669
211	3105
211	1758
211	3250
211	3360
211	6029
211	3083
211	6031
211	5222
212	5222
212	6031
212	3360
212	3250
212	3105
212	669
213	3083
213	6029
213	1758
214	5493
214	568
215	3334
215	2001
216	4338
216	5736
216	725
217	3348
217	2143
217	3675
218	4962
218	1740
218	1338
218	5537
219	4962
219	1740
219	1338
220	4749
220	1870
220	3331
221	4749
221	3331
222	3331
222	1870
222	4749
222	1459
223	5250
223	285
224	4182
224	285
225	4182
225	3551
225	5849
226	2776
226	1246
227	1522
227	4982
228	257
228	1522
228	4982
228	4182
228	3551
228	5849
229	2218
229	2416
230	5352
230	5491
230	693
230	2761
230	72
230	2250
230	589
230	1640
230	3113
231	2761
231	5352
232	828
232	485
233	485
233	1816
233	951
233	377
233	3322
233	3877
233	828
233	3926
233	248
234	951
234	1816
235	5187
235	4697
236	3440
236	1465
236	251
236	6123
237	2732
237	1165
238	4696
238	72
238	4220
238	2732
238	1165
239	1165
239	2732
239	782
239	4220
239	5050
239	2081
239	72
239	4696
240	4522
240	3390
240	2952
241	5205
241	1217
241	1485
241	2615
241	5756
241	3360
241	472
241	5348
241	4296
241	4805
242	3621
242	4843
243	77
243	577
244	4843
244	3621
244	577
244	77
245	2370
245	5123
246	379
246	5123
247	4744
247	20
248	4744
248	20
248	3876
249	3876
249	20
249	5938
249	4744
250	1249
250	1467
251	1966
251	3295
252	5989
252	1902
252	1249
253	1296
253	3014
254	4744
254	314
255	3469
255	1024
255	5097
255	1636
256	3469
256	1024
256	5097
257	3546
257	3512
258	2594
258	141
258	343
259	141
259	3546
259	3512
260	4520
260	2873
261	3848
261	4000
262	792
262	3508
262	1308
262	5431
263	2686
263	3493
263	4421
263	1266
263	3004
264	3110
264	929
265	1674
265	4536
265	589
266	4792
266	3469
266	3
266	5646
266	3920
266	4234
266	414
266	1517
267	1092
267	4538
268	2855
268	4538
269	1622
269	4394
269	3717
269	1687
269	1843
270	1687
270	3717
271	5060
271	5650
272	3390
272	5237
272	3513
272	5057
272	4576
272	501
272	6066
272	5119
272	4581
272	234
273	501
273	5237
273	3390
274	5930
274	4832
275	3363
275	1926
275	848
276	848
276	1926
276	3363
276	1003
276	2561
276	23
276	5830
276	1194
277	3324
277	1017
278	3120
278	693
279	5473
279	4806
280	4644
280	4818
281	4234
281	518
282	2581
282	1835
282	561
282	2709
283	65
283	5557
283	259
284	259
284	5557
284	65
284	4311
284	2478
284	5664
284	1905
284	3799
284	5748
285	4271
285	2685
286	4271
286	5469
286	2685
286	2617
287	2617
287	2685
287	5469
287	4271
287	4101
288	4744
288	1141
288	2246
288	2464
289	4391
289	4367
289	6161
289	5900
290	5594
290	2889
290	4634
291	4291
291	3034
292	591
292	5175
293	4634
293	5175
293	3034
293	2390
293	4291
293	2889
293	591
293	5594
293	4934
294	4712
294	2227
294	3524
294	3390
295	2525
295	4774
296	3544
296	4078
297	3544
297	2385
297	5340
298	2149
298	5583
299	2149
299	5455
299	5028
299	5583
300	5980
300	5088
300	2906
300	3434
300	1963
300	4875
301	5980
301	2906
301	1963
301	4875
302	5484
302	943
302	3119
302	1893
302	2258
303	2258
303	1893
303	3119
303	5484
304	1821
304	3438
304	1585
304	4403
304	3081
305	3081
305	2039
305	4403
305	1585
305	3438
305	1821
306	1608
306	1617
306	5592
306	95
307	598
307	1617
307	5592
307	95
308	1608
308	598
309	2200
309	3689
309	1551
309	3629
309	1431
310	2574
310	2200
310	3689
310	3629
311	3848
311	2652
311	5170
311	1237
311	4657
311	589
311	74
311	733
311	4815
311	2454
312	1989
312	5178
312	4234
312	1323
312	2816
312	146
312	118
313	5997
313	2920
313	5995
313	5993
313	1182
313	1638
314	5997
314	2920
314	5995
314	5993
315	564
315	183
316	5006
316	39
317	5006
317	39
317	68
318	4576
318	5555
318	3258
319	5237
319	3625
319	1887
320	4347
320	5237
320	3625
320	4510
320	1887
321	4149
321	2496
322	1891
322	4149
322	2496
322	509
323	1272
323	4995
323	271
323	3684
324	1272
324	4995
324	271
324	3684
325	2243
325	1766
325	3809
326	3669
326	3115
327	2243
327	3669
327	3115
327	1766
327	3809
328	4025
328	5810
328	4295
328	5739
328	3339
328	1232
328	1639
329	2386
329	3943
329	4275
329	828
329	5841
329	224
329	3299
329	1798
329	1908
329	147
330	224
330	828
331	5841
331	3943
332	1650
332	1086
333	3373
333	4254
334	1075
334	1128
335	1613
335	4043
336	3966
336	4202
337	198
337	2801
338	3186
338	1402
338	1499
339	5779
339	1330
340	3771
340	2959
340	1165
340	2626
340	3999
340	5191
341	3811
341	4720
342	5446
342	2994
342	153
343	2740
343	153
343	2994
343	5733
343	5446
344	5132
344	3549
344	3924
345	3549
345	5132
346	5480
346	5153
346	5967
346	4566
346	5424
347	3185
347	782
347	221
347	2735
348	782
348	3185
349	5911
349	2778
350	4260
350	6067
350	1628
350	5878
351	2765
351	6068
351	4434
352	127
352	1733
352	5590
352	4109
352	4586
352	1209
352	5490
353	2598
353	242
354	242
354	3285
355	5379
355	4671
356	1455
356	3342
356	4671
356	2709
356	3795
356	5379
356	3783
356	2224
357	2256
357	1843
357	2314
357	3185
358	1761
358	1350
359	1227
359	6135
360	1761
360	3063
361	5604
361	5749
362	1348
362	3606
362	4953
363	1348
363	2149
364	3606
364	4953
365	1764
365	5523
366	5224
366	5523
366	1764
367	4114
367	4760
368	5841
368	3771
369	5226
369	4214
369	793
369	2507
369	645
369	2739
369	1796
369	5198
370	391
370	1508
370	1246
371	1508
371	1246
372	4945
372	3504
373	6117
373	5216
373	4460
374	1990
374	4460
374	2212
374	1656
374	5216
374	6117
374	5790
374	5620
375	5034
375	1934
375	2149
376	2149
376	1934
377	3623
377	3121
377	2201
377	1021
378	6130
378	2153
379	1938
379	1852
380	3602
380	4411
381	992
381	639
381	646
382	992
382	639
383	273
383	2897
383	4027
383	947
383	1056
384	3152
384	5218
384	4918
385	2111
385	5232
386	5045
386	5218
387	1225
387	1972
387	3805
387	3565
388	3024
388	470
388	159
388	1114
388	5341
389	3024
389	159
390	736
390	1114
390	4753
391	4501
391	1125
392	4006
392	4932
392	4993
392	864
392	2500
393	5863
393	2631
393	5332
394	5571
394	2615
394	4138
394	5497
394	4495
394	4370
394	2050
394	3132
395	3132
395	2050
395	4370
395	4495
395	4138
395	5571
396	4773
396	2474
396	4135
396	5870
396	1206
396	5690
397	5937
397	3604
397	4455
397	2663
398	4455
398	3604
398	5937
399	1192
399	1517
399	5292
399	1500
399	4788
400	4010
400	2340
400	5856
400	4095
401	4490
401	3085
402	3085
402	4898
402	4490
402	4095
402	5856
402	2340
402	4010
403	2654
403	2411
403	2281
404	554
404	5058
404	1225
405	3602
405	2654
405	2411
405	2281
405	5029
406	3866
406	42
407	3290
407	4344
408	2012
408	5267
409	194
409	5267
410	6038
410	2012
410	194
410	4864
410	1866
410	5267
411	3817
411	4835
412	4982
412	3894
412	1458
412	3134
412	2983
413	2861
413	4566
413	2631
414	2631
414	2983
414	4566
414	3134
414	2861
414	1458
414	3894
414	4982
415	2104
415	4374
416	4199
416	422
416	4770
417	3251
417	132
418	1208
418	3278
418	6155
419	513
419	5179
420	782
420	4481
421	4566
421	716
422	832
422	2789
423	2789
423	5079
424	4029
424	1403
425	6148
425	5516
426	5516
426	743
426	4673
426	2376
427	3143
427	96
427	2669
428	6071
428	3920
428	3616
428	417
428	3
428	2321
428	1517
428	5245
428	4566
428	5553
429	5553
429	4566
429	1517
429	2321
429	3
429	417
429	3616
429	3920
430	366
430	125
431	5571
431	3631
431	3044
431	5438
431	1804
432	213
432	3898
433	213
433	2768
434	2119
434	2737
435	2655
435	2867
436	4168
436	557
437	4849
437	4100
437	5759
437	3990
437	4811
438	4849
438	5759
438	2133
438	4811
439	1889
439	6048
439	1410
439	6050
439	6052
439	6053
439	835
439	496
439	3651
439	6055
440	6055
440	835
440	6052
441	6050
441	1889
442	4249
442	1792
443	5729
443	1733
443	4608
443	362
443	9
444	530
444	1400
444	2542
445	5052
445	6115
445	4966
445	4620
446	5815
446	4607
446	3685
447	2554
447	599
448	3522
448	979
449	519
449	3522
449	979
450	3102
450	2384
451	3277
451	1781
452	3899
452	2384
453	3102
453	3074
454	3486
454	1824
454	5402
455	5402
455	3486
456	4627
456	2302
457	4868
457	2076
457	1344
457	195
458	887
458	2579
458	4868
458	1627
459	3176
459	1770
459	4253
460	3771
460	183
460	2454
460	2241
461	2789
461	2241
461	2454
461	183
461	3771
461	3944
462	151
462	566
462	5946
463	1144
463	1827
464	1519
464	5959
464	520
464	5960
464	3091
465	4960
465	384
466	6114
466	5461
467	6114
467	3090
468	1550
468	5461
469	4761
469	3090
470	4012
470	382
471	3090
471	4012
471	382
472	5964
472	4526
472	2933
473	5964
473	2114
473	2933
474	4526
474	3113
475	126
475	4170
476	1176
476	478
476	5703
476	171
477	1611
477	1095
477	4717
477	2475
477	5729
477	740
477	1989
478	4508
478	5729
479	4757
479	1801
479	5712
479	2309
479	4545
479	4174
479	3560
479	1222
479	1400
480	1222
480	4545
480	5712
481	3680
481	1373
482	4140
482	6111
482	5775
483	4140
483	5775
484	5677
484	1109
485	3127
485	1287
485	4495
485	139
485	5309
485	4805
485	2973
485	2697
486	1934
486	3270
486	3163
486	282
487	5078
487	2718
488	3780
488	3390
488	5781
488	5852
488	3536
489	3390
489	499
489	5852
489	3536
490	3536
490	5852
490	499
490	5781
490	3390
490	3780
490	1839
491	2321
491	2126
492	5314
492	5657
492	4908
492	1277
493	739
493	1972
494	5314
494	5657
494	1972
494	4908
494	1277
495	210
495	6019
495	5063
496	1984
496	4258
496	4478
496	2430
497	2430
497	6015
497	4478
497	4258
497	1984
497	5063
497	6019
497	210
498	5842
498	414
498	5209
498	5409
498	2995
498	546
498	2321
499	2193
499	4539
500	2193
500	252
501	3568
501	831
501	2569
501	2971
501	659
502	659
502	2971
502	3568
503	5212
503	4362
504	4546
504	2849
505	3892
505	3279
506	1561
506	4744
506	4147
506	2800
506	4086
506	3826
506	1541
506	2316
507	1289
507	5587
507	2597
508	2597
508	5587
508	3516
508	1289
509	4644
509	1341
509	3848
510	1762
510	1057
510	5693
510	802
511	1016
511	5153
512	4839
512	4166
512	4163
512	3351
512	3162
513	35
513	436
514	4839
514	4166
514	3351
515	4163
515	3162
516	858
516	3087
516	414
516	2736
516	2426
517	4170
517	613
517	1107
517	1120
517	693
518	1120
518	613
519	3392
519	4044
520	2183
520	5075
520	2143
520	1506
520	1148
520	4542
520	642
520	2031
520	1097
520	1750
521	1097
521	642
521	2143
522	4939
522	5544
523	5544
523	166
523	4939
524	4982
524	2615
525	3635
525	3931
526	5687
526	4982
527	2615
527	3931
527	4982
527	5153
527	5687
527	2424
527	5501
527	3635
528	4441
528	5628
529	453
529	5865
529	3138
530	5865
530	3602
530	3491
531	1043
531	3138
532	1867
532	1539
532	1092
533	4127
533	173
533	4443
533	1140
534	173
534	4443
535	6021
535	6020
535	4699
536	712
536	3771
536	1213
537	1269
537	1138
537	2298
538	2298
538	784
539	380
539	6147
540	5920
540	5684
540	3988
540	1631
540	2954
540	1412
541	5920
541	5684
541	3988
541	1631
541	2954
541	1412
542	1837
542	907
543	907
543	5771
543	1837
543	1151
543	1322
544	3662
544	2371
544	1422
544	143
544	1036
544	1487
544	2284
545	1311
545	4167
545	1407
546	4900
546	6105
547	3390
547	6107
547	5908
548	6105
548	80
548	5908
548	4900
548	6107
548	3390
548	2668
549	5373
549	5624
549	1717
549	1127
550	1127
550	1717
550	5624
550	5480
550	5373
551	5642
551	1598
551	2095
551	2009
552	1864
552	3974
553	1234
553	984
553	4433
554	235
554	5715
554	4713
554	73
555	4566
555	3444
555	2561
556	3802
556	5209
557	3802
557	2789
557	5209
558	1444
558	5189
559	4632
559	5807
559	2733
559	5189
559	1300
559	1444
560	5807
560	4632
561	4566
561	1574
561	5496
561	5735
562	828
562	3771
562	2948
562	4362
563	4362
563	3771
563	828
564	3859
564	4249
564	2302
564	1267
565	3719
565	1015
566	3719
566	1015
566	5329
566	2459
566	5322
567	6077
567	3264
568	701
568	606
569	3572
569	4122
569	5630
569	5105
570	1094
570	2838
571	5738
571	5663
572	903
572	5627
572	5309
572	3661
572	1672
572	1556
573	1556
573	1672
574	2111
574	3803
574	1379
575	1379
575	2111
576	4234
576	1733
576	509
576	4920
576	928
576	1321
576	368
576	2375
576	5663
576	1913
577	1913
577	2375
577	368
577	1321
577	928
577	509
577	1733
577	4234
578	2446
578	6012
579	748
579	1470
580	2619
580	4514
581	1470
581	660
581	4514
581	6012
581	748
581	2446
581	1603
581	2619
582	387
582	3141
583	2285
583	1632
584	109
584	2625
585	109
585	2625
586	1040
586	4224
587	509
587	3920
588	3217
588	5278
588	4075
588	6143
588	4465
589	3217
589	4075
590	6143
590	4465
591	509
591	3217
591	5278
591	4075
591	3920
591	1040
591	6143
591	4465
591	4224
592	6010
592	30
592	6008
592	4576
593	6010
593	6008
594	4577
594	4121
595	1466
595	2548
596	2811
596	357
597	330
597	207
598	5136
598	6085
598	753
599	2820
599	3670
600	5269
600	1438
601	3732
601	5558
601	1341
601	353
602	4409
602	3936
602	2851
603	789
603	6132
603	3201
603	1316
603	3940
603	3220
603	2362
604	732
604	1847
605	2362
605	3220
605	3940
605	1847
605	1316
605	3201
605	732
605	6132
605	789
606	5362
606	4785
607	3848
607	2094
608	716
608	3667
608	2435
608	1752
608	4284
608	6120
608	2615
608	2697
609	2697
609	2615
609	6120
609	2435
609	3667
609	716
610	1067
610	2789
610	2033
611	2033
611	1067
612	6144
612	3372
612	2144
612	1928
612	1580
612	4005
612	313
612	5849
613	812
613	3804
613	4005
614	1928
614	5849
615	1580
615	313
616	1711
616	2364
617	1711
617	848
617	2364
618	20
618	782
618	78
618	3208
618	2313
618	40
619	4132
619	4860
620	2940
620	166
621	2940
621	166
621	4132
622	1748
622	3252
622	2265
622	5835
622	3522
622	6103
622	4822
623	4822
623	6103
623	2265
624	2205
624	2547
624	936
624	3289
624	4049
624	4435
624	2020
624	269
624	4195
625	3310
625	2810
625	4045
626	1034
626	2822
627	5436
627	4541
627	155
627	4594
627	916
628	5436
628	4541
628	155
628	4594
628	916
629	4123
629	2343
629	5657
629	89
629	4356
630	1085
630	1389
630	905
631	1085
631	905
632	4950
632	5942
632	3401
632	1612
633	4310
633	5405
634	1438
634	9
634	3771
634	4293
634	868
634	4696
635	4696
635	868
635	3771
635	1438
636	4293
636	9
637	3731
637	5241
637	5616
637	3214
637	3066
638	743
638	693
639	3731
639	3214
639	3066
640	3277
640	693
641	5746
641	1588
641	1742
641	4155
641	483
642	1177
642	2580
643	959
643	4727
643	4114
643	5849
644	2828
644	3469
644	100
645	5040
645	1136
645	4696
646	1428
646	624
647	647
647	2561
648	4777
648	4042
649	5761
649	36
650	5740
650	5059
650	6126
650	4630
650	2864
650	1103
650	4273
650	2463
651	3018
651	3523
652	5267
652	5603
652	996
653	3428
653	4488
653	1019
654	2352
654	86
654	877
654	608
655	2352
655	86
655	877
655	608
656	1679
656	2670
657	3076
657	5055
658	2123
658	4394
658	3891
659	30
659	3771
659	2690
659	3667
659	2886
660	2500
660	5873
660	2407
660	4809
661	4378
661	4915
661	6134
661	709
661	203
662	4378
662	4915
662	6134
662	4809
663	2500
663	5873
663	2407
663	709
663	203
664	972
664	1877
664	6014
664	4071
664	4099
664	3397
664	5283
664	5699
665	5283
665	3397
665	4099
665	4071
665	6014
665	1877
665	972
666	3158
666	914
666	891
667	914
667	3158
668	5584
668	3848
668	6088
668	5415
668	3771
669	3771
669	5415
670	5165
670	3702
671	1453
671	5112
672	1453
672	3702
673	2255
673	727
673	2123
673	723
673	5184
674	2255
674	727
674	723
674	5184
675	3021
675	2454
675	1396
676	4458
676	1718
676	1868
677	1371
677	1143
677	5448
677	3712
677	1911
678	1911
678	3247
679	2034
679	3247
679	1911
679	3712
679	5448
679	1143
679	1371
679	3310
680	5084
680	5668
680	3041
680	596
680	149
680	2702
681	4812
681	2702
681	149
681	596
681	3041
681	5668
681	5084
682	5084
682	596
683	1253
683	2401
683	3194
683	1829
684	2401
684	3194
684	1829
685	2577
685	2682
686	589
686	2682
686	2577
687	954
687	1781
687	4902
687	418
687	4354
687	2911
687	1329
688	1329
688	2911
688	4902
688	954
689	5681
689	972
689	3848
690	4202
690	972
691	5770
691	6023
691	1921
692	1921
692	6023
692	3848
692	972
692	5681
692	4202
692	5770
692	1287
693	4147
693	4744
693	3826
693	782
694	4657
694	1688
694	2294
694	2775
695	119
695	2985
696	3819
696	2073
696	206
696	3331
696	4328
697	3331
697	206
698	2593
698	1713
698	1683
698	1206
698	2025
698	3771
698	1994
699	1683
699	2593
700	3771
700	1713
701	2438
701	3348
701	5812
702	2874
702	5812
702	3348
702	2438
703	3772
703	1784
703	2490
703	5829
703	5181
704	5829
704	2490
704	1784
705	2584
705	2358
706	5816
706	6137
707	1231
707	2642
707	1961
708	5589
708	2358
709	1231
709	6136
709	2642
709	3642
709	1961
709	5589
710	5501
710	3128
710	4940
711	4456
711	1241
712	5647
712	629
713	1219
713	5065
713	1441
714	5065
714	1219
715	6086
715	2394
716	5019
716	386
717	896
717	1030
717	1921
718	2466
718	896
718	1030
719	2466
719	1242
719	4947
720	2779
720	677
721	3206
721	1744
721	5678
722	3739
722	3422
723	3739
723	5279
723	3422
724	3206
724	1744
725	849
725	3702
725	5929
725	790
725	2767
725	1462
725	1547
726	5130
726	4395
727	3773
727	1054
727	1174
727	1193
727	5054
728	1054
728	1174
729	2803
729	4845
729	4016
730	2803
730	4845
730	4016
731	5070
731	5720
732	630
732	5935
732	5609
733	1654
733	1672
733	4944
733	3884
733	3830
733	325
733	4419
733	3107
734	3107
734	325
734	3884
734	4944
734	1672
734	1654
735	1520
735	5281
735	5794
735	6108
736	2586
736	820
736	2891
736	2763
736	168
736	5387
736	3710
736	4512
737	3710
737	5387
737	2891
737	820
738	4512
738	3710
738	168
738	2763
738	2586
739	3478
739	1274
739	1904
740	3478
740	1904
741	2467
741	5685
741	4825
742	384
742	1577
742	3484
742	1683
742	111
742	674
742	4206
742	1719
743	4206
743	674
743	1577
744	6146
744	2552
744	5289
744	4744
744	3900
744	322
745	1882
745	3771
746	5789
746	2191
747	5869
747	2038
747	2198
748	2038
748	332
749	5869
749	5275
749	5607
750	509
750	4935
751	2680
751	3633
751	3702
752	3633
752	2680
753	3679
753	3013
754	245
754	3419
755	553
755	5880
756	5027
756	908
756	5054
757	1549
757	5969
758	5970
758	5482
759	436
759	1106
759	5892
760	5892
760	1106
760	465
760	1573
760	4626
760	2667
760	4062
760	436
761	3817
761	5505
762	2113
762	2992
762	2094
762	1078
762	3077
762	477
762	1999
762	3067
762	5441
763	5441
763	1999
763	477
763	2094
763	2992
764	1078
764	2113
765	5622
765	5973
766	4521
766	5585
766	5973
767	2796
767	2615
767	5903
768	5521
768	5514
768	4424
769	2796
769	2615
769	5903
769	5521
769	4424
770	1081
770	5514
771	2796
771	2615
771	5903
771	5514
772	875
772	5309
773	717
773	3948
774	875
774	3948
775	1930
775	5109
776	1930
776	5109
777	5698
777	5180
777	337
777	3454
777	5519
777	804
777	1608
777	420
777	4476
778	4476
778	420
779	804
779	5698
780	2415
780	3303
780	1499
780	5540
781	2415
781	3303
781	5540
782	2253
782	1499
783	2958
783	5929
784	2439
784	2958
784	5929
785	3199
785	1841
785	1010
786	3199
786	1841
786	1010
787	5814
787	2354
787	4664
788	4664
788	2354
789	1486
789	3390
789	2923
789	1600
790	1510
790	1672
790	5243
791	3829
791	372
791	4235
791	1361
791	6069
791	1914
791	5243
791	1672
791	1510
791	2290
792	5729
792	3369
793	3369
793	2814
794	4448
794	1206
794	4392
794	4218
794	4329
794	5535
795	2532
795	2772
795	566
795	6112
796	2532
796	2772
797	2532
797	2772
797	2421
798	6153
798	3648
799	794
799	2876
799	439
799	2289
799	3503
800	5454
800	408
801	3092
801	855
802	5454
802	855
802	408
803	3078
803	1634
804	5778
804	1634
804	2700
804	5669
805	3271
805	4984
805	869
805	4336
805	2774
805	2070
805	562
806	4336
806	4984
807	745
807	1755
807	4033
807	3585
808	3585
808	4033
808	1755
808	4590
808	745
809	1755
809	3585
810	3287
810	45
811	4610
811	2699
812	3287
812	4610
812	2699
813	2417
813	5882
814	5365
814	3547
814	2296
814	1414
814	5406
814	2663
814	2369
814	2045
815	1020
815	4764
816	2981
816	1287
816	1154
816	730
816	3127
816	3348
816	4990
816	2744
816	4381
817	5442
817	1247
818	4462
818	4767
818	3335
819	1627
819	1805
820	1627
820	3802
821	3585
821	2925
821	1693
822	3585
822	1693
823	4696
823	1693
823	2925
823	589
823	3585
824	3419
824	4428
824	5268
824	2830
824	782
825	782
825	2830
826	5267
826	2756
826	3871
826	5010
826	5118
827	5118
827	5267
828	5312
828	1748
828	2544
829	1748
829	5312
830	3450
830	1672
830	4048
830	1287
830	4997
830	11
830	5339
830	4883
831	4883
831	1672
831	3450
832	1287
832	4048
833	5339
833	4997
833	1287
833	1672
833	3450
834	183
834	5841
835	183
835	3075
836	2819
836	1455
837	2819
837	183
838	3637
838	2887
838	887
838	3236
838	486
838	3673
838	4869
838	1134
838	5610
838	693
839	4198
839	2022
839	896
839	805
839	1823
839	917
839	3004
839	1002
839	1698
839	871
840	5016
840	5775
840	3771
841	5596
841	4932
841	3168
842	3039
842	1490
842	589
842	6035
842	4095
842	5918
842	3424
842	830
842	635
843	635
843	830
843	3424
843	5918
843	4095
843	6035
843	1490
843	3039
844	1736
844	5337
844	465
844	2119
844	4982
844	3541
845	5337
845	2119
845	4273
846	465
846	4982
847	1518
847	5932
847	5934
848	5934
848	5932
849	567
849	4068
850	2472
850	4496
850	1552
850	4501
851	4249
851	1027
852	3360
852	4052
852	3152
852	1287
853	5681
853	3678
854	1013
854	4300
855	3903
855	1148
856	3066
856	3903
856	1148
857	2036
857	6001
858	1776
858	6000
858	5998
858	1215
859	1776
859	6000
859	1215
860	4252
860	77
861	376
861	662
862	4262
862	5616
863	4262
863	1291
863	376
864	6074
864	21
864	3654
864	4193
865	5009
865	959
865	4425
865	2031
865	4306
865	3876
866	3436
866	5093
867	1071
867	4547
868	2666
868	3565
869	3565
869	3929
870	5929
870	6076
871	6076
871	5929
871	5714
871	5528
872	3656
872	986
872	2650
872	2246
872	2305
872	1165
872	4154
872	2194
873	4154
873	986
874	2305
874	2650
875	5255
875	2447
875	5602
875	4711
875	2335
875	4507
875	4059
875	1875
876	4059
876	2335
877	1875
877	5602
878	2823
878	3004
878	522
878	4619
879	522
879	4619
880	4955
880	1959
881	6101
881	6099
881	3611
882	313
882	3172
883	3693
883	5766
884	3611
884	3172
884	5766
884	313
884	3693
884	6099
884	6101
885	878
885	2379
886	5485
886	3073
886	2344
886	3727
886	2379
887	3291
887	5486
888	3880
888	702
888	4222
888	3848
888	4893
889	3880
889	3848
890	5581
890	2899
890	5698
891	4117
891	216
891	2190
891	4566
891	933
891	4451
892	4340
892	4415
893	3921
893	4034
894	4340
894	4415
895	5335
895	1643
896	4319
896	3956
896	3165
896	4787
896	990
896	5595
896	142
897	3956
897	3165
897	2111
897	4787
898	4183
898	1582
898	2275
898	2278
899	4606
899	5984
899	1191
899	5193
899	5986
899	2527
899	5988
900	4606
900	5984
900	1191
900	5193
900	5986
900	2527
900	5988
901	2877
901	1861
902	5176
902	6159
903	6092
903	5640
904	4141
904	5735
904	4579
905	99
905	942
905	2310
906	99
906	2975
907	1169
907	2854
907	5092
907	5706
908	5706
908	5092
908	1169
909	1253
909	189
910	1622
910	601
911	873
911	662
912	5916
912	873
913	3390
913	1046
914	5608
914	1046
914	5471
914	3390
915	5253
915	2741
915	751
915	454
915	5629
915	785
916	4474
916	2078
916	397
916	5978
916	1473
917	4474
917	2078
917	397
917	5978
917	1473
918	628
918	516
918	5348
918	4927
918	1527
918	4483
918	3965
919	84
919	157
919	4919
920	6110
920	5356
921	1413
921	157
922	3206
922	4696
922	4604
922	4805
922	4814
922	2028
923	1696
923	1231
924	4604
924	1696
924	4805
924	2028
925	2028
925	4814
925	4805
925	2128
925	1231
925	1696
925	4604
925	4696
925	3206
926	1921
926	2615
927	1816
927	5415
928	1974
928	1816
929	2615
929	1921
929	5415
929	1816
929	4805
929	1974
930	130
930	5534
930	4637
931	1468
931	4954
932	5527
932	1850
932	698
932	1599
932	5873
933	5527
933	4401
934	4448
934	1059
934	2326
935	2326
935	1059
936	848
936	782
937	20
937	6160
937	4147
938	2292
938	5573
939	2663
939	1216
940	6156
940	3636
941	3156
941	5146
941	3473
941	2651
941	1826
942	1826
942	5146
943	422
943	4342
943	1995
943	5129
944	3143
944	1101
945	5202
945	1351
945	3017
945	1352
945	3360
946	1372
946	1851
946	3704
946	5344
946	3337
947	5025
947	2171
947	5138
948	3338
948	1226
949	4035
949	3049
950	2831
950	4757
951	3734
951	1545
952	1545
952	3224
952	3734
953	3984
953	1275
953	748
953	2622
953	1604
953	4184
954	6070
954	4283
955	1921
955	2863
956	5898
956	3304
956	1833
956	4949
957	5753
957	2341
957	5571
958	2588
958	132
959	5580
959	5863
960	160
960	5643
961	1118
961	541
961	5580
962	1118
962	541
963	4744
963	3208
964	2218
964	2709
964	1446
965	589
965	2709
965	475
966	6006
966	2218
966	5429
966	1446
967	589
967	4628
968	5177
968	782
968	313
969	313
969	2143
970	474
970	442
970	2789
971	539
971	389
971	2490
972	539
972	4771
972	4439
972	5211
972	2490
972	4208
973	389
973	2490
974	4439
974	3029
974	5211
974	4208
975	2380
975	5240
975	4660
975	3994
975	5197
975	4046
976	3526
976	3170
976	4127
976	5001
976	848
977	3170
977	848
978	3450
978	3868
978	5834
979	3450
979	5834
980	3450
980	3868
981	4792
981	4179
982	3394
982	2929
983	3394
983	975
984	787
984	3530
985	1557
985	650
986	354
986	48
987	2153
987	1769
987	3890
987	957
987	4366
987	465
988	5214
988	3850
988	2872
988	1295
988	465
988	4366
988	957
988	3890
988	1769
988	2153
989	2153
989	1769
989	3890
990	957
990	4366
990	465
990	1295
991	2187
991	4942
992	4942
992	1135
992	2187
993	3490
993	1380
993	4038
994	1149
994	3081
995	3420
995	1073
995	2202
995	2088
995	3720
995	5295
995	3261
995	2250
995	196
995	3248
996	2250
996	3261
996	1073
997	1386
997	5173
997	1816
997	436
997	4194
998	2094
998	5052
999	278
999	2842
1000	2454
1000	278
1000	2842
1001	1818
1001	3294
1001	891
1002	1818
1002	2454
1002	278
1003	3950
1003	4937
1003	5778
1003	3333
1003	4453
1003	4636
1003	926
1003	2793
1003	4440
1003	2231
1004	2793
1004	926
1004	4636
1004	4453
1004	5778
1004	4937
1005	4249
1005	2579
1005	2631
1006	4566
1006	3481
1007	3807
1007	3481
1007	2131
1007	4566
1007	5138
1007	5358
1007	1620
1007	2856
1007	1463
1008	5358
1008	3481
1008	3807
1009	1980
1009	3848
1010	680
1010	1256
1010	4472
1010	2914
1011	6162
1011	1969
1011	3288
1011	1464
1012	542
1012	3812
1013	5913
1013	4057
1013	1565
1014	5452
1014	3390
1015	5913
1015	4057
1015	5452
1015	3390
1015	1565
1016	910
1016	782
1017	1360
1017	465
1017	1317
1018	3920
1018	3979
1019	5367
1019	3257
1020	3257
1020	3979
1020	2181
1020	3920
1020	5367
1020	4076
1021	3771
1021	515
1022	2977
1022	3180
1023	3771
1023	2977
1023	4285
1023	3457
1023	515
1023	5071
1023	2055
1023	3180
1024	2631
1024	2806
1025	293
1025	465
1026	4723
1026	782
1026	185
1027	2491
1027	1947
1027	2263
1027	5941
1028	3540
1028	4566
1029	5160
1029	4111
1029	4471
1030	3540
1030	4125
1030	4566
1030	4111
1030	4897
1031	5160
1031	4471
1032	718
1032	2825
1032	5752
1032	191
1033	3671
1033	4013
1033	1756
1033	5150
1034	5252
1034	6138
1035	5150
1035	3861
1036	318
1036	2635
1036	4696
1036	3983
1036	1832
1036	545
1036	2951
1037	545
1037	3983
1037	2635
1037	318
1038	2951
1038	1832
1039	465
1039	782
1040	5291
1040	5818
1041	2333
1041	2014
1042	2014
1042	2333
1042	4191
1043	4191
1043	2333
1044	3049
1044	5228
1045	2016
1045	1407
1046	2323
1046	3321
1046	5228
1046	5285
1046	1407
1046	3672
1046	3045
1046	2016
1046	3049
1047	5391
1047	20
1047	5343
1047	3771
1047	782
1047	4744
1047	1048
1047	4427
1047	2209
1048	2209
1048	4744
1048	782
1048	5343
1048	20
1048	5391
1049	2815
1049	502
1049	4598
1050	3588
1050	4824
1051	291
1051	5832
1052	3588
1052	291
1052	2236
1052	4824
1052	5832
1053	291
1053	5166
1053	5492
1054	1657
1054	2587
1055	438
1055	5966
1055	693
1056	4516
1056	3369
1057	3369
1057	693
1057	4516
1057	5966
1057	473
1057	438
1058	1001
1058	828
1058	1816
1058	4066
1058	4174
1058	1570
1058	4817
1059	4174
1059	1816
1060	4817
1060	4066
1061	2554
1061	579
1062	1586
1062	3476
1062	1083
1062	4349
1063	3439
1063	5244
1064	1751
1064	401
1064	2381
1064	2123
1064	451
1064	753
1065	1684
1065	5663
1065	4696
1066	3298
1066	2809
1067	4026
1067	5625
1067	2105
1068	3298
1068	3098
1068	1675
1069	1502
1069	2599
1070	2567
1070	5961
1070	2536
1070	2330
1070	5551
1070	2061
1071	2330
1071	2567
1072	2657
1072	4067
1072	3493
1072	1287
1072	2615
1072	2022
1072	1383
1073	1393
1073	5606
1073	1672
1073	1063
1073	1287
1073	5411
1074	1393
1074	5606
1074	1672
1074	1063
1074	5411
1075	2716
1075	1293
1075	4951
1076	2716
1076	1293
1077	2164
1077	4763
1078	2164
1078	1566
1079	4499
1079	4763
1079	417
1079	1390
1079	4988
1079	798
1079	858
1080	801
1080	5859
1080	1902
1080	3459
1080	3020
1080	2809
1080	5564
1081	5564
1081	2809
1081	3459
1081	5859
1081	801
1082	2871
1082	5968
1082	631
1082	404
1083	3510
1083	404
1084	4495
1084	240
1084	2409
1084	4805
1084	174
1085	1822
1085	4332
1085	2003
1086	3494
1086	4702
1086	529
1086	2717
1086	3313
1086	4625
1086	563
1087	4625
1087	3313
1088	5488
1088	5890
1088	811
1089	5488
1089	5890
1089	811
1090	426
1090	4877
1090	4249
1090	609
1090	1415
1090	5477
1091	426
1091	4877
1091	4249
1091	5477
1092	603
1092	5905
1092	2990
1092	5031
1093	5031
1093	5905
1093	603
1094	5196
1094	4549
1094	0
1094	2563
1094	5571
1094	5280
1095	3986
1095	4387
1095	1858
1096	3924
1096	1858
1096	4387
1096	3986
1097	3034
1097	618
1098	2955
1098	3053
1098	4345
1099	4926
1099	3691
1099	3411
1099	2541
1099	3130
1099	1345
1099	320
1100	3130
1100	2541
1101	649
1101	6081
1101	4726
1101	1101
1102	1101
1102	4726
1102	649
1103	2161
1103	818
1103	4700
1103	2546
1104	1491
1104	2348
1104	4805
1104	1907
1104	337
1105	2154
1105	2697
1105	5019
1105	95
1105	625
1105	5562
1105	5382
1106	5162
1106	56
1107	2743
1107	294
1108	5162
1108	6033
1108	56
1108	6032
1109	5798
1109	364
1110	364
1110	4948
1110	1650
1110	1421
1110	4217
1110	170
1110	5798
1110	5350
1111	3175
1111	5802
1111	4856
1112	1026
1112	1349
1113	5772
1113	72
1114	2082
1114	5102
1115	3740
1115	1185
1115	999
1116	2342
1116	5191
1116	2459
1116	1906
1116	313
1117	1672
1117	2323
1118	490
1118	2966
1118	2847
1119	2847
1119	2966
1120	4614
1120	3729
1120	4896
1120	3998
1121	4614
1121	3729
1121	4896
1121	5464
1121	3998
1122	261
1122	4413
1122	2338
1123	1597
1123	268
1123	5201
1124	2338
1124	5201
1124	268
1124	1597
1124	4413
1124	261
1125	1597
1125	5201
1126	1524
1126	3072
1127	316
1127	199
1128	3273
1128	4528
1129	2229
1129	4837
1129	3053
1130	3273
1130	2229
1130	4837
1131	4528
1131	3053
1132	340
1132	3472
1132	1005
1132	1538
1132	329
1133	340
1133	3472
1133	1005
1133	1538
1133	2283
1133	329
1134	1538
1134	2283
1134	329
1135	340
1135	3472
1136	5659
1136	2223
1137	5659
1137	1945
1138	2223
1138	1945
1139	1334
1139	2690
1140	4089
1140	6154
1141	6122
1141	4847
1141	1359
1142	1359
1142	4789
1142	4847
1142	374
1142	5709
1142	6122
1142	3037
1142	1346
1143	5408
1143	1104
1143	4437
1143	1210
1144	3627
1144	2443
1144	247
1145	4212
1145	3627
1145	2218
1145	4928
1145	2311
1145	2821
1145	5571
1145	2443
1145	247
1146	3407
1146	4913
1147	3407
1147	2931
1148	2725
1148	1984
1149	1838
1149	1749
1150	5035
1150	1243
1150	188
1151	4115
1151	358
1151	806
1152	1792
1152	4249
1153	4249
1153	1206
1154	4249
1154	1206
1154	5439
1155	5271
1155	82
1156	2747
1156	1592
1156	4488
1157	1052
1157	4851
1157	4381
1157	185
1157	2709
1158	4639
1158	1118
1159	1052
1159	4851
1160	3961
1160	2709
1161	4639
1161	578
1162	4769
1162	4106
1162	4251
1162	1992
1162	2036
1163	1992
1163	4251
1163	4106
1163	4769
1164	5673
1164	3517
1164	467
1165	3006
1165	3152
1165	450
1165	3507
1165	1167
1165	297
1165	2697
1165	2069
1166	3006
1166	3152
1166	450
1166	3507
1166	1167
1166	297
1166	2697
1166	2069
1167	1379
1167	2275
1168	534
1168	5142
1169	3284
1169	3434
1169	4466
1169	5142
1170	881
1170	4676
1170	1112
1170	441
1171	881
1171	4676
1171	1112
1172	441
1172	1112
1172	4676
1172	1220
1172	3029
1172	881
1173	1137
1173	2135
1173	4303
1174	3181
1174	6
1174	3726
1175	2850
1175	2941
1176	1654
1176	4922
1176	1800
1176	3499
1176	334
1176	628
1177	628
1177	334
1177	3499
1177	1800
1177	6041
1177	4922
1177	4298
1177	6042
1177	1654
1178	4007
1178	2273
1178	5195
1178	5355
1179	5355
1179	5195
1179	2273
1180	360
1180	2247
1181	2067
1181	657
1181	1650
1181	2895
1181	944
1181	4711
1181	5167
1182	2895
1182	2067
1183	1650
1183	657
1184	102
1184	1615
1184	4204
1184	3109
1184	2922
1184	4196
1184	3538
1185	102
1185	1615
1185	4204
1185	3109
1185	2922
1185	3538
1186	995
1186	2998
1186	5301
1186	5551
1186	2454
1186	3660
1187	5239
1187	5267
1188	5023
1188	5
1188	5320
1188	424
1188	4582
1189	5320
1189	424
1190	851
1190	110
1190	1083
1191	2789
1191	3878
1192	1957
1192	4854
1192	5049
1193	1368
1193	3826
1194	5049
1194	3826
1194	2656
1194	4854
1194	1368
1194	1957
1195	175
1195	3674
1195	231
1195	2102
1195	3008
1195	263
1195	2389
1195	83
1195	3280
1196	3008
1196	2102
1196	231
1197	2666
1197	2472
1198	3117
1198	414
1199	4091
1199	30
1199	1042
1199	3247
1199	278
1199	2170
1199	4069
1200	4091
1200	2170
1201	1492
1201	3177
1202	2817
1202	2623
1203	5436
1203	2522
1204	5095
1204	655
1204	220
1205	4325
1205	655
1205	3313
1205	220
1206	5929
1206	5095
1207	1130
1207	5425
1208	1130
1208	342
1209	589
1209	1157
1210	589
1210	5929
1211	6093
1211	3403
1211	2125
1212	3780
1212	2125
1213	3780
1213	5716
1214	3780
1214	1270
1215	3658
1215	4986
1215	5982
1215	1715
1215	5426
1215	2293
1215	5331
1216	5331
1216	1715
1216	5982
1216	4986
1216	3658
1217	115
1217	4696
1218	436
1218	4696
1219	2615
1219	4696
1219	5272
1220	115
1220	3640
1221	1503
1221	436
1222	5090
1222	3794
1222	1594
1222	3602
1222	1213
1222	3426
1222	4274
1222	331
1222	3723
1222	2392
1223	1213
1223	5090
1224	3426
1224	3602
1225	3019
1225	366
1226	5288
1226	1206
1227	1784
1227	2504
1228	1206
1228	4420
1229	1206
1229	3630
1230	5104
1230	938
1230	5600
1230	821
1230	1426
1230	2989
1231	2989
1231	1426
1231	5600
1231	5104
1232	5394
1232	4873
1233	5394
1233	5419
1234	4873
1234	5419
1235	3993
1235	5114
1235	4767
1235	397
1236	4343
1236	5718
1236	939
1236	4150
1237	4374
1237	1685
1238	1462
1238	5843
1239	2173
1239	1583
1240	5822
1240	2045
1240	4759
1240	1065
1240	3771
1241	2045
1241	5822
1242	1065
1242	4759
1243	5016
1243	3555
1243	2678
1243	3451
1244	2678
1244	3555
1245	3614
1245	4037
1246	2621
1246	249
1246	3614
1246	605
1246	4037
1247	2621
1247	605
1248	4982
1248	3011
1248	286
1248	3602
1248	3059
1249	3059
1249	3602
1249	3011
1249	4982
1250	3602
1250	4982
1251	3059
1251	3602
1251	4982
1252	3059
1252	3011
1253	3400
1253	1741
1253	3696
1253	5689
1254	4318
1254	1981
1254	3035
1255	1178
1255	6150
1255	6149
1255	3818
1256	1774
1256	3925
1256	2460
1257	2017
1257	2197
1258	4752
1258	1357
1259	216
1259	3022
1259	3920
1260	796
1260	712
1261	3391
1261	1268
1261	697
1261	5743
1261	5247
1261	3706
1261	1076
1261	3618
1261	3938
1261	695
1262	695
1262	3938
1262	3706
1262	5247
1262	5743
1262	697
1263	1070
1263	5025
1263	2438
1263	95
1263	483
1263	5717
1263	5746
1263	1575
1264	3068
1264	5376
1265	2157
1265	3414
1265	2843
1266	4881
1266	374
1267	2391
1267	5962
1267	693
1267	2356
1267	489
1267	5856
1268	489
1268	693
1269	4385
1269	1311
1270	5371
1270	1834
1270	4509
1270	6152
1270	3639
1271	6152
1271	2930
1272	1569
1272	4291
1273	4291
1273	1569
1273	3832
1273	850
1274	783
1274	2672
1275	5022
1275	1050
1275	1080
1276	5022
1276	1080
1277	4305
1277	2637
1278	3989
1278	4503
1278	1921
1278	233
1278	941
1278	349
1278	5213
1278	3127
1278	4124
1279	4446
1279	3259
1280	1184
1280	4080
1281	3441
1281	4080
1281	1184
1281	1900
1282	2387
1282	2663
1282	1234
1283	3301
1283	5463
1283	1069
1284	3301
1284	3305
1284	5463
1284	1069
1285	1423
1285	3323
1286	644
1286	5546
1286	4055
1287	4337
1287	4621
1288	4892
1288	5698
1288	496
1288	1379
1288	2309
1288	4130
1288	1477
1289	496
1289	5698
1290	4130
1290	2309
1291	4385
1291	1736
1292	1736
1292	2936
1292	1706
1292	864
1293	1429
1293	3991
1294	1706
1294	864
1295	4385
1295	2936
1296	5209
1296	5899
1297	5788
1297	313
1297	3236
1297	1977
1297	1314
1297	4331
1298	4331
1298	3236
1298	313
1299	2232
1299	3236
1300	2369
1300	5785
1300	5945
1301	5945
1301	5785
1301	2369
1301	3977
1302	5785
1302	5945
1303	4082
1303	903
1303	2111
1304	4082
1304	903
1304	5649
1304	2111
1304	4933
1304	1379
1305	2000
1305	5747
1305	2773
1305	4156
1306	4982
1306	4520
1307	4028
1307	452
1308	348
1308	1785
1309	3395
1309	2382
1309	348
1309	2123
1309	3617
1309	4112
1310	5047
1310	5348
1310	5444
1310	3341
1311	3341
1311	5444
1311	5251
1311	5348
1311	5047
1312	1355
1312	1650
1312	1792
1312	313
1313	3456
1313	313
1313	1792
1313	1605
1313	1650
1313	1355
1313	4502
1314	1792
1314	3456
1315	4010
1315	3941
1315	2393
1315	4859
1315	4050
1316	161
1316	2999
1316	1273
1316	930
1316	4524
1316	848
1317	4399
1317	4498
1318	4819
1318	1859
1318	5284
1318	4498
1318	3901
1318	4399
1319	3012
1319	2663
1319	2503
1320	4277
1320	2663
1320	5638
1321	1479
1321	6087
1321	3160
1322	1479
1322	3160
1323	41
1323	3390
1324	615
1324	637
1325	637
1325	782
1325	4121
1325	2940
1325	4843
1325	2904
1325	615
1325	1400
1325	2425
1326	5470
1326	5429
1327	5429
1327	2173
1328	4192
1328	1420
1328	5111
1328	2903
1328	2212
1328	5326
1328	5805
1328	1263
1328	693
1329	5111
1329	1420
1330	693
1330	1263
1330	5805
1330	5326
1330	2212
1330	2903
1330	1420
1331	4714
1331	3853
1332	3559
1332	3725
1332	2918
1332	2218
1332	163
1333	2493
1333	4779
1333	1816
1333	5116
1334	163
1334	2218
1334	5116
1334	1816
1334	4779
1334	2494
1334	2493
1334	2918
1334	3725
1334	3559
1335	5809
1335	497
1336	5809
1336	2042
1337	251
1337	4532
1337	4221
1338	1265
1338	3484
1338	574
1339	2899
1339	1265
1339	3484
1339	574
1339	3622
1339	2986
1339	1748
1340	3153
1340	208
1341	3505
1341	201
1342	5316
1342	201
1343	256
1343	5316
1344	1094
1344	3428
1344	3771
1345	3896
1345	5239
1345	3945
1346	13
1346	4657
1347	5088
1347	13
1347	32
1347	4657
1348	1967
1348	2757
1348	2204
1348	138
1348	6089
1349	1897
1349	2978
1350	54
1350	4278
1351	2441
1351	5134
1352	2797
1352	1409
1353	2441
1353	5134
1354	2336
1354	2673
1355	3182
1355	2048
1355	1343
1355	1535
1355	3274
1355	1187
1355	2806
1355	3214
1356	2806
1356	1343
1357	1699
1357	4506
1358	3612
1358	264
1359	2597
1359	47
1359	4312
1359	3463
1360	3463
1360	47
1361	3797
1361	4600
1361	2534
1361	2046
1362	2534
1362	4600
1362	3797
1363	3270
1363	4826
1363	4064
1363	3869
1364	4064
1364	3270
1365	2157
1365	4404
1366	4622
1366	1327
1366	1499
1366	2402
1366	4881
1366	95
1366	4158
1366	3723
1366	2615
1367	2615
1367	3723
1367	4158
1367	95
1367	4881
1367	1499
1367	1327
1368	1638
1368	3211
1369	4894
1369	4294
1370	2759
1370	6061
1370	4197
1370	3972
1371	2643
1371	5819
1371	292
1371	3435
1371	2973
1371	1424
1372	2759
1372	6061
1372	3972
1373	5940
1373	1251
1373	5298
1373	3360
1374	5298
1374	5940
1375	3360
1375	5298
1376	1672
1376	2002
1376	1124
1376	5746
1377	1363
1377	5164
1378	1341
1378	5164
1378	1363
1379	2766
1379	2589
1379	3568
1379	6046
1379	2971
1379	5782
1379	5760
1379	124
1379	3097
1380	2636
1380	3315
1380	5423
1380	3390
1380	5692
1380	5392
1380	2859
1381	2859
1381	5692
1381	3390
1381	3315
1382	4965
1382	716
1383	37
1383	3864
1384	983
1384	5248
1384	3946
1384	4321
1384	5501
1384	5076
1384	1525
1384	404
1384	5069
1385	3236
1385	3920
1386	4041
1386	5182
1387	5536
1387	5267
1387	4041
1388	3236
1388	3526
1388	3920
1389	262
1389	1434
1390	130
1390	2221
1391	1381
1391	4217
1391	5674
1392	1593
1392	4495
1392	903
1392	5884
1392	5571
1392	240
1392	4947
1392	1804
1393	6065
1393	558
1393	3152
1393	443
1393	3199
1393	3178
1393	4549
1394	4858
1394	1937
1394	1324
1394	2271
1394	244
1394	3419
1394	3202
1394	3292
1395	2271
1395	244
1396	1150
1396	1945
1397	1108
1397	982
1398	2573
1398	1391
1399	2573
1399	982
1400	1738
1400	5764
1400	2462
1401	2462
1401	6124
1401	5764
1401	1738
1401	3690
1401	371
1401	797
1401	2024
1402	5381
1402	5958
1402	5955
1402	5952
1403	5958
1403	5954
1404	5381
1404	5958
1404	5954
1404	5952
1405	4891
1405	4159
1406	6158
1406	4164
1406	5561
1406	6157
1407	3434
1407	882
1408	3360
1408	782
1408	5389
1408	4350
1409	782
1409	5389
1410	2886
1410	2435
1410	2690
1411	919
1411	104
1411	4249
1411	2477
1412	919
1412	104
1412	2477
1413	2886
1413	2435
1413	2690
1413	4249
1414	3792
1414	4135
1415	4317
1415	6129
1416	1206
1416	4317
1416	6129
1416	4657
1416	4258
1416	5702
1416	1172
1417	4317
1417	4097
1418	1172
1418	5702
1418	4258
1418	4657
1418	6129
1418	4097
1418	4317
1418	1206
1419	4657
1419	5702
1420	1206
1420	1172
1421	535
1421	5713
1422	1629
1422	1650
1423	757
1423	570
1423	4213
1423	5634
1423	2060
1424	2060
1424	570
1425	5634
1425	757
1426	5230
1426	2054
1426	5472
1427	4304
1427	2590
1427	1547
1427	705
1427	1025
1428	1871
1428	705
1429	371
1429	3489
1429	2551
1430	2094
1430	526
1431	526
1431	2094
1431	2551
1431	3489
1431	371
1432	3489
1432	2551
1432	526
1433	4717
1433	50
1434	1158
1434	3954
1434	2870
1434	50
1434	4717
1435	2532
1435	177
1435	320
1436	177
1436	2532
1437	2948
1437	4772
1437	1019
1438	6045
1438	2399
1438	4287
1439	5013
1439	967
1440	3509
1440	4287
1440	2399
1440	967
1440	6045
1440	5142
1440	5013
1440	5397
1440	3434
1441	3434
1441	5397
1441	5013
1441	5142
1441	6045
1441	2399
1442	5504
1442	1206
1442	4669
1443	1680
1443	2866
1444	1189
1444	5511
1444	2538
1444	3344
1444	1795
1445	1795
1445	2538
1445	5511
1445	1189
1446	3086
1446	3253
1446	2040
1447	4924
1447	2051
1448	2473
1448	1958
1449	1473
1449	335
1450	703
1450	3332
1450	2781
1450	1432
1450	4215
1450	4189
1450	3556
1451	2781
1451	4189
1451	4053
1452	5853
1452	572
1453	4022
1453	2100
1453	5787
1453	2081
1454	4022
1454	2100
1454	2081
1455	4022
1455	2100
1456	1031
1456	5787
1457	3036
1457	2010
1458	1417
1458	1308
1458	4445
1458	322
1458	5617
1458	1102
1458	6118
1458	4469
1459	4445
1459	1417
1460	1590
1460	3650
1460	2918
1460	4128
1461	2918
1461	3650
1461	1590
1462	3236
1462	817
1463	1365
1463	30
1463	356
1463	817
1463	3236
1463	4576
1463	3608
1464	4576
1464	30
1464	1365
1465	3608
1465	817
1465	356
1466	2671
1466	394
1467	5826
1467	3602
1467	2291
1468	1488
1468	2490
1468	543
1468	3405
1469	3405
1469	2490
1470	5078
1470	782
1471	5916
1471	3152
1471	5875
1471	4699
1471	3247
1471	2824
1472	5916
1472	3152
1472	5875
1472	3247
1472	3950
1473	1355
1473	4646
1474	5450
1474	3236
1475	4612
1475	2752
1476	3791
1476	3771
1477	3771
1477	1733
1477	2645
1477	5613
1477	3791
1477	2752
1477	2071
1477	3236
1477	4612
1477	5450
1478	3255
1478	2966
1478	3410
1478	2893
1479	5056
1479	2893
1479	3410
1479	2966
1479	3255
1480	2966
1480	3410
1481	5376
1481	4968
1482	5376
1482	4968
1483	2750
1483	4696
1483	436
1483	1501
1483	4992
1483	891
1483	4930
1484	4930
1484	4992
1484	436
1484	4696
1484	2750
1485	924
1485	5551
1486	3585
1486	3155
1487	3585
1487	952
1487	3063
1488	909
1488	3155
1488	5551
1489	2178
1489	932
1490	5300
1490	3127
1490	5086
1490	237
1490	5309
1490	5204
1491	5204
1491	932
1491	2178
1491	5309
1491	237
1491	4820
1491	5086
1491	3127
1491	5300
1492	937
1492	5676
1493	4865
1493	1899
1493	4890
1493	4579
1493	5229
1493	3351
1494	551
1494	2561
1495	1937
1495	2561
1496	5114
1496	4566
1497	1250
1497	3152
1497	4381
1497	5762
1497	2879
1497	3360
1497	2031
1497	346
1498	1033
1498	4483
1498	669
1498	61
1498	2647
1499	3702
1499	2075
1500	3236
1500	2561
1500	465
1501	3702
1501	3236
1501	2075
1501	465
1502	4267
1502	6083
1502	3858
1502	2159
1503	2159
1503	204
1503	3858
1503	6083
1503	4267
1504	105
1504	359
1505	4881
1505	4019
1506	3848
1506	2519
1506	2521
1507	2396
1507	4449
1508	2591
1508	4615
1509	2295
1509	1369
1509	2062
1509	5799
1510	2676
1510	5519
1511	4583
1511	4589
1511	4376
1511	4005
1511	817
1512	4589
1512	817
1513	4376
1513	4005
1514	5910
1514	2350
1514	737
1514	5906
1514	4601
1515	2350
1515	5910
1516	1134
1516	5708
1516	3211
1516	4751
1516	2063
1516	5385
1516	5014
1517	3211
1517	5708
1518	2943
1518	5423
1518	2428
1518	994
1519	4785
1519	539
1519	4885
1519	1884
1519	3565
1520	3565
1520	994
1520	2428
1520	1884
1520	4885
1520	539
1520	4785
1520	5423
1520	2943
1521	1124
1521	2277
1521	3499
1521	1578
1521	2389
1521	669
1521	4843
1521	3976
1521	1442
1522	3976
1522	2277
1523	5621
1523	2023
1524	5237
1524	2236
1525	4629
1525	3876
1526	2373
1526	1863
1526	750
1527	2373
1527	1863
1528	3848
1528	2543
1528	2928
1529	620
1529	4792
1530	5947
1530	853
1531	5525
1531	5254
1531	1165
1532	5525
1532	3851
1532	1165
1533	1336
1533	2271
1533	1781
1533	1145
1533	3924
1533	5663
1534	2271
1534	1336
1535	2778
1535	3434
1535	2129
1535	1430
1535	1000
1535	2791
1536	4863
1536	4744
1537	2710
1537	4299
1538	6040
1538	4863
1538	4744
1539	6040
1539	4863
1539	4744
1539	782
1540	833
1540	1830
1541	1673
1541	1709
1542	5672
1542	5074
1542	721
1543	5888
1543	653
1544	4281
1544	6027
1545	4281
1545	6027
1545	5888
1546	653
1546	721
1546	5888
1546	6027
1546	5074
1546	4397
1546	5672
1546	4281
1547	4397
1547	6027
1547	5888
1547	653
1548	5074
1548	721
1549	436
1549	3371
1550	436
1550	3371
1551	2157
1551	1291
1552	1733
1552	534
1552	5729
1552	3714
1552	3553
1553	2047
1553	3001
1553	3553
1553	3714
1553	5729
1553	534
1553	1733
1554	5061
1554	6072
1555	5270
1555	5757
1556	3664
1556	3264
1556	3852
1556	1153
1557	3664
1557	3264
1557	1153
1558	2379
1558	3920
1559	4856
1559	5287
1559	1517
1559	5320
1559	3967
1560	5632
1560	3460
1560	5948
1560	1635
1560	1899
1561	3055
1561	4805
1562	5530
1562	4352
1562	483
1563	483
1563	4352
1563	1485
1563	1591
1563	5631
1563	4805
1563	97
1563	3055
1563	5530
1564	3920
1564	1438
1564	3585
1565	891
1565	1032
1566	3465
1566	2897
1566	3771
1567	3465
1567	3771
1568	2306
1568	1860
1568	1560
1568	3695
1568	445
1568	5033
1569	5033
1569	445
1569	3695
1569	1560
1570	965
1570	3996
1570	5657
1571	3996
1571	5657
1571	2512
1572	4382
1572	619
1572	2518
1573	5867
1573	5825
1573	2516
1573	1679
1573	4834
1573	3834
1573	2813
1573	2103
1573	4990
1574	2813
1574	3834
1574	4834
1574	1679
1574	2516
1574	5867
1575	5730
1575	2742
1575	3220
1575	3659
1576	1456
1576	523
1577	1618
1577	2769
1578	3736
1578	1447
1578	2067
1578	5006
1578	400
1578	1319
1578	2395
1578	5168
1579	400
1579	2067
1580	1319
1580	3736
1581	2561
1581	1672
1581	1238
1581	5792
1582	3016
1582	2539
1583	1602
1583	5841
1584	974
1584	5841
1584	4678
1584	1602
1585	4678
1585	974
1586	4829
1586	5554
1586	5423
1587	2134
1587	3951
1587	487
1588	4041
1588	2726
1589	1115
1589	393
1590	313
1590	393
1590	466
1591	3571
1591	3281
1591	4585
1592	3237
1592	1334
1593	1334
1593	551
1594	1937
1594	1334
1594	551
1595	1049
1595	5929
1595	1309
1596	2729
1596	4457
1596	4530
1596	1529
1597	2260
1597	4530
1598	272
1598	471
1599	1505
1599	795
1600	1092
1600	5135
1600	5335
1600	1643
1601	1462
1601	4276
1602	1092
1602	5335
1602	1643
1603	1366
1603	4322
1604	2635
1604	4408
1605	4408
1605	2635
1605	2315
1606	5490
1606	4109
1606	5231
1606	1946
1606	600
1606	4271
1606	1139
1607	3647
1607	1773
1607	1044
1608	935
1608	3707
1609	341
1609	6080
1610	5974
1610	5545
1610	5349
1610	5732
1610	1028
1610	5219
1611	3858
1611	2980
1611	5407
1612	2980
1612	5294
1612	351
1612	3813
1612	1880
1613	5294
1613	351
1614	5008
1614	5172
1615	4566
1615	3963
1616	2944
1616	680
1616	4696
1616	1357
1616	5172
1616	3963
1616	4566
1616	5008
1616	4701
1616	187
1617	23
1617	390
1618	4642
1618	4334
1619	283
1619	3283
1620	2974
1620	5395
1620	1896
1621	4185
1621	5611
1622	6037
1622	5580
1623	5542
1623	782
1624	4163
1624	2084
1624	2853
1624	977
1624	782
1624	5532
1624	5580
1624	5542
1624	6037
1625	5532
1625	977
1625	2084
1625	4163
1626	30
1626	741
1626	4576
1626	4584
1626	5861
1626	3585
1626	227
1626	4567
1626	4597
1627	2053
1627	4418
1627	1793
1627	3571
1627	3072
1627	4719
1627	3920
1628	3920
1628	3072
1628	3571
1628	2053
1629	4659
1629	5158
1629	2170
1630	2170
1630	4121
1630	5158
1630	225
1630	3882
1630	89
1630	3960
1630	4754
1630	4659
1631	2251
1631	2096
1631	6109
1631	4830
1631	4672
1632	5457
1632	2997
1632	266
1632	5496
1633	254
1633	4957
1633	5101
1633	3190
1633	989
1634	107
1634	989
1635	989
1635	5496
1635	266
1635	107
1635	3190
1635	5101
1635	4957
1635	2997
1635	5457
1635	254
1636	3531
1636	1949
1636	4054
1637	4187
1637	4657
1638	5223
1638	4657
1638	4187
1638	4088
1639	1480
1639	3557
1639	3811
1639	4751
1639	4431
1639	3993
1639	5481
1639	414
1640	6073
1640	517
1641	2951
1641	1474
1641	3782
1642	5559
1642	2960
1642	5827
1642	4432
1642	1797
1642	3402
1642	693
1643	1690
1643	4531
1644	3247
1644	4831
1645	1587
1645	883
1646	1047
1646	2127
1646	79
1647	3399
1647	4722
1648	4722
1648	3737
1648	5793
1648	3399
1649	1679
1649	1385
1649	1565
1649	313
1649	3935
1649	750
1649	2348
1649	5328
1649	899
1650	899
1650	5328
1650	2348
1650	313
1650	1565
1651	3935
1651	1385
1652	2909
1652	1175
1653	192
1653	4857
1654	848
1654	3864
1655	4809
1655	81
1656	1308
1656	5657
1656	1240
1656	633
1657	1308
1657	5657
1657	1240
1657	3001
1657	633
1657	848
1658	2748
1658	1856
1658	291
1659	4765
1659	5849
1660	669
1660	3519
1660	2366
1661	669
1661	2738
1661	3519
1661	5635
1661	2366
1662	2019
1662	3174
1663	2019
1663	1997
1663	3174
1664	1969
1664	3932
1664	5310
1665	3703
1665	1819
1665	3365
1665	5107
1665	2946
1665	52
1665	1440
1665	2424
1665	1088
1666	1440
1666	52
1667	1088
1667	2424
1667	2946
1667	5107
1667	3365
1668	3881
1668	4005
1668	2734
1669	2907
1669	856
1669	4234
1669	4309
1669	1308
1669	1619
1670	5575
1670	3097
1670	124
1671	503
1671	6091
1671	5533
1671	124
1671	3097
1671	5575
1672	949
1672	4267
1673	113
1673	3876
1673	4267
1673	528
1673	5710
1673	949
1674	528
1674	113
1675	4696
1675	1548
1676	4868
1676	2176
1677	6125
1677	137
1677	4461
1677	531
1677	2900
1677	3959
1677	4401
1677	5884
1678	4592
1678	5433
1678	2514
1678	3677
1678	5037
1678	4406
1678	5666
1678	3199
1678	6140
1679	6140
1679	3199
1679	5666
1679	4406
1679	5037
1679	3677
1679	2514
1679	5433
1679	4592
1679	1949
1680	871
1680	5597
1680	136
1680	150
1680	3453
1680	3968
1680	5682
1680	4422
1680	3320
1680	3247
1681	5370
1681	3682
1682	5000
1682	2267
1683	5000
1683	5370
1683	5044
1683	3771
1683	3682
1684	3771
1684	2267
1685	5000
1685	5044
1685	3771
1686	1996
1686	4282
1686	4371
1687	5274
1687	5991
1687	4707
1688	5099
1688	5084
1688	4707
1688	885
1689	885
1689	2345
1689	4707
1689	5991
1689	5084
1689	5274
1689	5099
1690	2764
1690	934
1690	3848
1691	5627
1691	2936
1691	1698
1691	483
1691	5303
1691	1804
1691	669
1691	2615
1692	3585
1692	782
1692	60
1692	3898
1693	6095
1693	3221
1693	2886
1693	4696
1693	2196
1693	1451
1694	1451
1694	2196
1694	2886
1694	6095
1695	2005
1695	5857
1695	4746
1695	2176
1695	1567
1695	3168
1695	3046
1695	4023
1695	2838
1696	2838
1696	2176
1696	4746
1696	2005
1697	2302
1697	5645
1697	5404
1697	912
1697	5400
1697	4917
1697	4152
1697	3475
1697	617
1698	2302
1698	5645
1698	5404
1698	912
1698	5400
1698	4917
1698	4152
1698	3475
1698	617
1699	4302
1699	3031
1700	3031
1700	4426
1700	4302
1701	229
1701	672
1702	672
1702	1400
1702	4904
1702	2838
1702	229
1703	2838
1703	4904
1703	672
1704	1540
1704	5731
1705	1207
1705	4348
1706	5598
1706	3336
1707	2162
1707	4744
1707	5547
1708	4906
1708	4709
1708	1061
1708	1180
1709	4906
1709	4709
1709	1061
1709	1180
1710	1865
1710	3638
1710	5144
1711	2317
1711	4523
1712	2220
1712	3970
1712	5038
1712	5619
1713	2220
1713	3970
1713	5619
1714	3027
1714	5729
1715	3072
1715	414
1715	2170
1715	5879
1716	4828
1716	255
1716	3964
1716	864
1716	4410
1716	4033
1716	345
1716	3536
1716	3789
1717	345
1717	4033
1717	4828
1718	4324
1718	893
1719	4324
1719	4988
1719	893
1720	5267
1720	3188
1720	3296
1720	1845
1720	1759
1721	1845
1721	3188
1722	352
1722	1934
1722	400
1722	3871
1723	3619
1723	3136
1724	1880
1724	2789
1725	577
1725	725
1725	3306
1725	2642
1726	551
1726	3444
1727	2444
1727	2180
1727	2413
1728	3786
1728	596
1729	998
1729	3786
1730	551
1730	3444
1730	596
1731	998
1731	2180
1731	2413
1731	3786
1732	3646
1732	5384
1732	3097
1732	68
1732	4662
1732	408
1732	1709
1732	5755
1732	1951
1732	2227
1733	3097
1733	3646
1734	5755
1734	5384
1735	1951
1735	68
1736	2227
1736	408
1737	4959
1737	4666
1738	1499
1738	1672
1738	5572
1738	1895
1738	897
1739	1499
1739	5317
1740	4320
1740	5002
1740	1895
1741	1012
1741	2455
1741	2501
1741	4341
1741	1890
1741	3063
1742	1038
1742	3105
1742	3687
1742	361
1742	3499
1742	1707
1742	3152
1742	6047
1742	4138
1742	2838
1743	3687
1743	1038
1744	1733
1744	3958
1744	1300
1744	5896
1745	5896
1745	1300
1745	3958
1745	2203
1745	1733
1746	1313
1746	2913
1747	2913
1747	4249
1748	1313
1748	4249
1749	1427
1749	6145
