0	5061
0	6072
1	366
1	125
2	4577
2	4121
3	1921
3	2863
4	1462
4	5843
5	4185
5	5611
6	330
6	207
7	5738
7	5663
8	3436
8	5093
9	245
9	3419
10	5493
10	568
11	3866
11	42
12	2317
12	4523
13	4959
13	4666
14	2104
14	4374
15	5813
15	3609
16	1207
16	4348
17	5436
17	2522
18	5841
18	3771
19	4501
19	1125
20	262
20	1434
21	553
21	5880
22	3324
22	1017
23	4744
23	3208
24	5598
24	3336
25	3334
25	2001
26	5130
26	4395
27	5930
27	4832
28	2173
28	1583
29	119
29	2985
30	1013
30	4300
31	1296
31	3014
32	5621
32	2023
33	3392
33	4044
34	700
34	4016
35	1864
35	3974
36	5677
36	1109
37	5078
37	2718
38	1020
38	4764
39	4446
39	3259
40	4960
40	384
41	1423
41	3323
42	1026
42	1349
43	3973
43	3293
44	1518
44	5932
44	5934
44	5934
44	5932
45	3348
45	2143
45	3675
46	4141
46	5735
46	4579
47	6073
47	517
48	2635
48	4408
48	4408
48	2635
48	2315
49	5060
49	5650
50	2577
50	2682
50	589
50	2682
50	2577
51	1360
51	465
51	1317
52	4627
52	2302
53	4576
53	5555
53	3258
54	360
54	2247
55	2162
55	4744
55	5547
56	4644
56	1341
56	3848
57	5132
57	3549
57	3924
57	3549
57	5132
58	1177
58	2580
59	23
59	390
60	4135
60	1523
60	1308
61	2831
61	4757
62	1764
62	5523
62	5224
62	5523
62	1764
63	5034
63	1934
63	2149
63	2149
63	1934
64	5078
64	782
65	5488
65	5890
65	811
65	5488
65	5890
65	811
66	2815
66	502
66	4598
67	1144
67	1827
68	5814
68	2354
68	4664
68	4664
68	2354
69	3036
69	2010
70	4939
70	5544
70	5544
70	166
70	4939
71	791
71	3585
71	5792
72	3176
72	1770
72	4253
73	809
73	3789
73	809
73	4668
73	3789
73	4668
73	809
74	3428
74	4488
74	1019
75	2387
75	2663
75	1234
76	5673
76	3517
76	467
77	3199
77	1841
77	1010
77	3199
77	1841
77	1010
78	2431
78	2241
79	1067
79	2789
79	2033
79	2033
79	1067
80	2459
80	313
80	1573
80	313
80	2459
81	2764
81	934
81	3848
82	3734
82	1545
82	1545
82	3224
82	3734
83	3881
83	4005
83	2734
84	2187
84	4942
84	4942
84	1135
84	2187
85	2955
85	3053
85	4345
86	1260
86	1132
86	1132
86	1733
86	1260
87	1219
87	5065
87	1441
87	5065
87	1219
88	3792
88	4135
89	4782
89	4854
89	786
90	220
90	3113
90	220
90	572
91	1996
91	4282
91	4371
92	216
92	2190
92	4566
93	4302
93	3031
93	3031
93	4426
93	4302
94	5809
94	497
94	5809
94	2042
95	2157
95	4404
96	3158
96	914
96	891
96	914
96	3158
97	2207
97	3886
97	3886
97	1816
97	2207
98	1363
98	5164
98	1341
98	5164
98	1363
99	5016
99	5775
99	3771
100	6153
100	3648
101	510
101	4118
102	535
102	5713
103	1236
103	3310
103	3310
103	1236
103	3277
104	2747
104	1592
104	4488
105	5853
105	572
106	2532
106	177
106	320
106	177
106	2532
107	1094
107	3428
107	3771
108	4522
108	3390
108	2952
109	4448
109	1059
109	2326
109	2326
109	1059
110	5470
110	5429
110	5429
110	2173
111	3531
111	1949
111	4054
112	1311
112	4167
112	1407
113	2961
113	2072
114	5779
114	1330
115	2218
115	2416
116	5659
116	2223
116	5659
116	1945
116	2223
116	1945
117	1774
117	3925
117	2460
118	5143
118	2116
119	4355
119	3715
119	5639
120	5504
120	1206
120	4669
121	5911
121	2778
122	2333
122	2014
122	2014
122	2333
122	4191
122	4191
122	2333
123	5114
123	4566
124	5312
124	1748
124	2544
124	1748
124	5312
125	4462
125	4767
125	3335
126	2111
126	3803
126	1379
126	1379
126	2111
127	630
127	5935
127	5609
128	2680
128	3633
128	3702
128	3633
128	2680
129	3486
129	1824
129	5402
129	5402
129	3486
130	490
130	2966
130	2847
130	2847
130	2966
131	5772
131	72
131	2082
131	5102
132	4252
132	77
133	3986
133	4387
133	1858
133	3924
133	1858
133	4387
133	3986
134	965
134	3996
134	5657
134	3996
134	5657
134	2512
135	130
135	2221
136	1882
136	3771
136	5789
136	2191
137	5937
137	3604
137	4455
137	2663
137	4455
137	3604
137	5937
138	2438
138	3348
138	5812
138	2874
138	5812
138	3348
138	2438
139	213
139	3898
139	213
139	2768
140	3826
140	4147
140	2800
140	2800
140	4964
140	4147
140	3826
140	4147
140	4964
141	1569
141	4291
141	4291
141	1569
141	3832
141	850
142	1108
142	982
142	2573
142	1391
142	2573
142	982
143	577
143	725
143	3306
143	2642
144	1684
144	5663
144	4696
145	3811
145	4720
146	3175
146	5802
146	4856
147	2119
147	2737
148	4187
148	4657
148	5223
148	4657
148	4187
148	4088
149	4546
149	2849
149	3892
149	3279
150	1395
150	3920
150	4480
150	4480
150	3920
150	1395
150	2497
151	4887
151	4228
151	643
151	3413
151	3413
151	4228
151	4887
152	4714
152	3853
153	4749
153	1870
153	3331
153	4749
153	3331
153	3331
153	1870
153	4749
153	1459
154	6074
154	21
154	3654
154	4193
155	3185
155	782
155	221
155	2735
155	782
155	3185
156	3740
156	1185
156	999
157	291
157	3192
157	1881
157	33
158	1225
158	1972
158	3805
158	3565
159	5822
159	561
159	561
159	3865
160	5730
160	2742
160	3220
160	3659
161	3621
161	4843
161	77
161	577
161	4843
161	3621
161	577
161	77
161	3771
161	2959
161	1165
161	2626
161	3999
161	5191
162	1348
162	3606
162	4953
162	1348
162	2149
162	3606
162	4953
163	5929
163	6076
163	6076
163	5929
163	5714
163	5528
164	2598
164	242
164	242
164	3285
165	1602
165	5841
165	974
165	5841
165	4678
165	1602
165	4678
165	974
166	1590
166	3650
166	2918
166	4128
166	2918
166	3650
166	1590
167	4744
167	20
167	4744
167	20
167	3876
167	3876
167	20
167	5938
167	4744
168	4566
168	716
169	5826
169	3602
169	2291
170	1650
170	1086
170	3373
170	4254
171	4924
171	2051
172	4089
172	6154
173	1289
173	5587
173	2597
173	2597
173	5587
173	3516
173	1289
174	3400
174	1741
174	3696
174	5689
175	1672
175	2002
175	1124
175	5746
176	848
176	3920
177	3544
177	4078
177	3544
177	2385
177	5340
178	6077
178	3264
178	701
178	606
179	387
179	3141
180	513
180	5179
180	782
180	4481
181	4343
181	5718
181	939
181	4150
182	3903
182	1148
182	3066
182	3903
182	1148
183	3450
183	3868
183	5834
183	3450
183	5834
183	3450
183	3868
184	5940
184	1251
184	5298
184	3360
184	5298
184	5940
184	3360
184	5298
185	1169
185	2854
185	5092
185	5706
185	5706
185	5092
185	1169
186	1486
186	3390
186	2923
186	1600
187	796
187	712
188	1867
188	1539
188	1092
189	3896
189	5239
189	3945
190	5408
190	1104
190	4437
190	1210
191	3848
191	4662
191	5929
192	2491
192	1947
192	2263
192	5941
193	4644
193	4818
194	875
194	5309
194	717
194	3948
194	875
194	3948
195	197
195	1517
195	1926
196	5454
196	408
196	3092
196	855
196	5454
196	855
196	408
197	2008
197	1526
197	5158
197	962
197	962
197	5158
197	2008
197	962
197	5158
198	4744
198	1141
198	2246
198	2464
199	352
199	1934
199	400
199	3871
200	1456
200	523
201	2321
201	2126
202	3817
202	5505
203	828
203	3771
203	2948
203	4362
203	4362
203	3771
203	828
204	3572
204	4122
204	5630
204	5105
205	5642
205	1598
205	2095
205	2009
206	1672
206	2323
207	3399
207	4722
207	4722
207	3737
207	5793
207	3399
208	2232
208	3236
209	3797
209	4600
209	2534
209	2046
209	2534
209	4600
209	3797
210	1934
210	3270
210	3163
210	282
211	5165
211	3702
211	1453
211	5112
211	1453
211	3702
212	3072
212	414
212	2170
212	5879
213	4324
213	893
213	4324
213	4988
213	893
214	5270
214	5757
215	1638
215	3211
215	4894
215	4294
216	832
216	2789
216	2789
216	5079
217	5276
217	4363
218	1488
218	2490
218	543
218	3405
218	3405
218	2490
219	2161
219	818
219	4700
219	2546
220	3247
220	5675
221	4007
221	2273
221	5195
221	5355
221	5355
221	5195
221	2273
222	1618
222	2769
223	3532
223	282
224	5016
224	3555
224	2678
224	3451
224	2678
224	3555
225	2716
225	1293
225	4951
225	2716
225	1293
226	5649
226	5291
226	35
227	4950
227	5942
227	3401
227	1612
228	3270
228	4826
228	4064
228	3869
228	4064
228	3270
229	1184
229	4080
229	3441
229	4080
229	1184
229	1900
230	2373
230	1863
230	750
230	2373
230	1863
231	235
231	5715
231	4713
231	73
232	603
232	5905
232	2990
232	5031
232	5031
232	5905
232	603
233	105
233	359
234	2597
234	47
234	4312
234	3463
234	3463
234	47
235	2421
235	5129
235	5129
235	2421
235	2568
235	4782
235	4782
235	2421
235	5129
236	4114
236	4760
237	2646
237	6079
237	5688
237	4327
237	4327
237	6079
238	2369
238	5785
238	5945
238	5945
238	5785
238	2369
238	3977
238	5785
238	5945
239	3390
239	1046
239	5608
239	1046
239	5471
239	3390
240	341
240	6080
241	2958
241	5929
241	2439
241	2958
241	5929
242	649
242	6081
242	4726
242	1101
242	1101
242	4726
242	649
243	718
243	2825
243	5752
243	191
244	3027
244	5729
245	2671
245	394
246	3301
246	5463
246	1069
246	3301
246	3305
246	5463
246	1069
247	4267
247	6083
247	3858
247	2159
247	2159
247	204
247	3858
247	6083
247	4267
248	5373
248	5624
248	1717
248	1127
248	1127
248	1717
248	5624
248	5480
248	5373
249	3819
249	2073
249	206
249	3331
249	4328
249	3331
249	206
250	2754
250	4430
250	2520
250	4430
251	3772
251	1784
251	2490
251	5829
251	5181
251	5829
251	2490
251	1784
252	1208
252	3278
252	6155
253	5484
253	943
253	3119
253	1893
253	2258
253	2258
253	1893
253	3119
253	5484
254	644
254	5546
254	4055
254	4337
254	4621
255	794
255	2876
255	439
255	2289
255	3503
256	151
256	566
256	5946
257	620
257	4792
257	5947
257	853
258	589
258	1157
258	589
258	5929
259	1733
259	3958
259	1300
259	5896
259	5896
259	1300
259	3958
259	2203
259	1733
260	3585
260	2925
260	1693
260	3585
260	1693
260	4696
260	1693
260	2925
260	589
260	3585
261	371
261	3489
261	2551
261	2094
261	526
261	526
261	2094
261	2551
261	3489
261	371
261	3489
261	2551
261	526
262	5525
262	5254
262	1165
262	5525
262	3851
262	1165
263	5910
263	2350
263	737
263	5906
263	4601
263	2350
263	5910
264	4006
264	4932
264	4993
264	864
264	2500
265	1313
265	2913
265	2913
265	4249
265	1313
265	4249
265	1427
265	6145
266	5202
266	1351
266	3017
266	1352
266	3360
267	757
267	570
267	4213
267	5634
267	2060
267	2060
267	570
267	5634
267	757
268	1150
268	1945
269	4717
269	50
269	1158
269	3954
269	2870
269	50
269	4717
270	3647
270	1773
270	1044
270	935
270	3707
271	5267
271	3188
271	3296
271	1845
271	1759
271	1845
271	3188
272	6084
272	169
272	1952
272	5019
272	2165
273	1837
273	907
273	907
273	5771
273	1837
273	1151
273	1322
274	4305
274	2637
275	5136
275	6085
275	753
276	4982
276	3011
276	286
276	3602
276	3059
276	3059
276	3602
276	3011
276	4982
276	3602
276	4982
276	3059
276	3602
276	4982
276	3059
276	3011
277	2415
277	3303
277	1499
277	5540
277	2415
277	3303
277	5540
277	2253
277	1499
278	873
278	662
278	5916
278	873
279	1492
279	3177
279	2817
279	2623
280	5822
280	2045
280	4759
280	1065
280	3771
280	2045
280	5822
280	1065
280	4759
281	1711
281	2364
281	1711
281	848
281	2364
282	4616
282	3502
282	3239
282	611
282	1511
282	611
282	3239
282	3502
283	4374
283	1685
284	4234
284	518
285	5394
285	4873
285	5394
285	5419
285	4873
285	5419
286	3619
286	3136
286	1880
286	2789
287	5632
287	3460
287	5948
287	1635
287	1899
288	5237
288	2236
288	4629
288	3876
289	5647
289	629
290	4271
290	2685
290	4271
290	5469
290	2685
290	2617
290	2617
290	2685
290	5469
290	4271
290	4101
291	4170
291	613
291	1107
291	1120
291	693
291	1120
291	613
292	6086
292	2394
292	5019
292	386
293	3419
293	4428
293	5268
293	2830
293	782
293	782
293	2830
294	229
294	672
294	672
294	1400
294	4904
294	2838
294	229
294	2838
294	4904
294	672
295	1479
295	6087
295	3160
295	1479
295	3160
295	41
295	3390
296	2473
296	1958
296	1473
296	335
297	4777
297	4042
297	5761
297	36
298	1269
298	1138
298	2298
298	2298
298	784
299	1491
299	2348
299	4805
299	1907
299	337
300	783
300	2672
300	5022
300	1050
300	1080
300	5022
300	1080
301	1622
301	4394
301	3717
301	1687
301	1843
301	1687
301	3717
302	1557
302	650
302	354
302	48
303	5584
303	3848
303	6088
303	5415
303	3771
303	3771
303	5415
304	1540
304	5731
305	4642
305	4334
305	283
305	3283
306	5267
306	2756
306	3871
306	5010
306	5118
306	5118
306	5267
307	2951
307	1474
307	3782
308	1386
308	5173
308	1816
308	436
308	4194
309	745
309	1755
309	4033
309	3585
309	3585
309	4033
309	1755
309	4590
309	745
309	1755
309	3585
310	4891
310	4159
311	3407
311	4913
311	3407
311	2931
312	5335
312	1643
313	280
313	3100
313	5417
313	1263
313	5614
313	5417
313	3100
313	280
314	5230
314	2054
314	5472
315	5898
315	3304
315	1833
315	4949
316	3255
316	2966
316	3410
316	2893
316	5056
316	2893
316	3410
316	2966
316	3255
316	2966
316	3410
317	5436
317	4541
317	155
317	4594
317	916
317	5436
317	4541
317	155
317	4594
317	916
318	5271
318	82
319	1192
319	1517
319	5292
319	1500
319	4788
320	2408
320	864
320	2575
320	1706
320	623
320	864
320	1706
320	623
320	1706
320	623
321	5376
321	4968
321	5376
321	4968
322	5067
322	4505
322	5362
322	4505
322	5067
322	4051
322	1979
322	1979
322	5362
323	5571
323	3631
323	3044
323	5438
323	1804
324	2193
324	4539
324	2193
324	252
325	5729
325	3369
325	3369
325	2814
326	4127
326	173
326	4443
326	1140
326	173
326	4443
327	5446
327	2994
327	153
327	2740
327	153
327	2994
327	5733
327	5446
328	2230
328	4580
328	941
328	734
328	4535
329	1189
329	5511
329	2538
329	3344
329	1795
329	1795
329	2538
329	5511
329	1189
330	2355
330	2725
330	2709
330	5267
330	2725
330	5267
331	1477
331	2143
331	2143
331	1379
331	1773
331	1477
331	3928
331	3928
331	1773
332	3993
332	5114
332	4767
332	397
333	4310
333	5405
334	1822
334	4332
334	2003
335	4945
335	3504
336	2285
336	1632
336	109
336	2625
336	109
336	2625
337	5209
337	5899
338	1967
338	2757
338	2204
338	138
338	6089
339	2379
339	3920
340	3012
340	2663
340	2503
340	4277
340	2663
340	5638
341	5501
341	3128
341	4940
341	4456
341	1241
342	5815
342	4607
342	3685
342	2554
342	599
343	3679
343	3013
344	376
344	662
344	4262
344	5616
344	4262
344	1291
344	376
345	1466
345	2548
346	959
346	4727
346	4114
346	5849
347	3568
347	831
347	2569
347	2971
347	659
347	659
347	2971
347	3568
348	5950
348	4226
348	2512
348	1401
348	2512
348	3781
348	4226
348	5950
349	3156
349	5146
349	3473
349	2651
349	1826
349	1826
349	5146
350	2686
350	3493
350	4421
350	1266
350	3004
351	53
351	6090
351	3655
351	678
352	3136
352	3798
353	1627
353	1805
353	1627
353	3802
354	3018
354	3523
354	5267
354	5603
354	996
355	5047
355	5348
355	5444
355	3341
355	3341
355	5444
355	5251
355	5348
355	5047
356	4906
356	4709
356	1061
356	1180
356	4906
356	4709
356	1061
356	1180
357	4856
357	5287
357	1517
357	5320
357	3967
358	3273
358	4528
358	2229
358	4837
358	3053
358	3273
358	2229
358	4837
358	4528
358	3053
359	422
359	4342
359	1995
359	5129
360	5737
360	3641
361	5381
361	5958
361	5955
361	5952
361	5958
361	5954
361	5381
361	5958
361	5954
361	5952
362	2342
362	5191
362	2459
362	1906
362	313
363	4769
363	4106
363	4251
363	1992
363	2036
363	1992
363	4251
363	4106
363	4769
364	1519
364	5959
364	520
364	5960
364	3091
365	130
365	5534
365	4637
365	1468
365	4954
366	6146
366	2552
366	5289
366	4744
366	3900
366	322
367	647
367	2561
368	1033
368	4483
368	669
368	61
368	2647
369	3602
369	4411
369	992
369	639
369	646
369	992
369	639
370	1792
370	4249
370	4249
370	1206
370	4249
370	1206
370	5439
371	1923
371	5719
371	1945
371	556
371	5186
371	3500
371	5186
371	556
371	1945
372	3102
372	2384
372	3277
372	1781
372	3899
372	2384
372	3102
372	3074
373	3771
373	183
373	2454
373	2241
373	2789
373	2241
373	2454
373	183
373	3771
373	3944
374	5575
374	3097
374	124
374	503
374	6091
374	5533
374	124
374	3097
374	5575
375	2292
375	5573
375	2663
375	1216
376	1012
376	2455
376	2501
376	4341
376	1890
376	3063
377	161
377	2999
377	1273
377	930
377	4524
377	848
378	2567
378	5961
378	2536
378	2330
378	5551
378	2061
378	2330
378	2567
379	20
379	782
379	78
379	3208
379	2313
379	40
380	3153
380	208
380	3505
380	201
380	5316
380	201
380	256
380	5316
381	2370
381	5123
381	379
381	5123
382	1821
382	3438
382	1585
382	4403
382	3081
382	3081
382	2039
382	4403
382	1585
382	3438
382	1821
383	2306
383	1860
383	1560
383	3695
383	445
383	5033
383	5033
383	445
383	3695
383	1560
384	391
384	1508
384	1246
384	1508
384	1246
385	6092
385	5640
386	5104
386	938
386	5600
386	821
386	1426
386	2989
386	2989
386	1426
386	5600
386	5104
387	2803
387	4845
387	4016
387	2803
387	4845
387	4016
387	5070
387	5720
388	6093
388	3403
388	2125
388	3780
388	2125
388	3780
388	5716
388	3780
388	1270
389	2748
389	1856
389	291
389	4765
389	5849
390	5753
390	2341
390	5571
390	2588
390	132
391	5370
391	3682
391	5000
391	2267
391	5000
391	5370
391	5044
391	3771
391	3682
391	3771
391	2267
391	5000
391	5044
391	3771
392	5746
392	1588
392	1742
392	4155
392	483
393	995
393	2998
393	5301
393	5551
393	2454
393	3660
394	1336
394	2271
394	1781
394	1145
394	3924
394	5663
394	2271
394	1336
395	1381
395	4217
395	5674
396	2729
396	4457
396	4530
396	1529
396	2260
396	4530
397	2391
397	5962
397	693
397	2356
397	489
397	5856
397	489
397	693
398	833
398	1830
399	1253
399	189
399	1622
399	601
400	4399
400	4498
400	4819
400	1859
400	5284
400	4498
400	3901
400	4399
401	949
401	4267
401	113
401	3876
401	4267
401	528
401	5710
401	949
401	528
401	113
402	1094
402	2838
403	1502
403	2599
404	4495
404	240
404	2409
404	4805
404	174
405	3614
405	4037
405	2621
405	249
405	3614
405	605
405	4037
405	2621
405	605
406	2948
406	4772
406	1019
407	4117
407	216
407	2190
407	4566
407	933
407	4451
408	5196
408	4549
408	0
408	2563
408	5571
408	5280
409	1438
409	9
409	3771
409	4293
409	868
409	4696
409	4696
409	868
409	3771
409	1438
409	4293
409	9
410	4982
410	4520
410	4028
410	452
411	5580
411	5863
411	160
411	5643
411	1118
411	541
411	5580
411	1118
411	541
412	3773
412	1054
412	1174
412	1193
412	5054
412	1054
412	1174
413	5009
413	959
413	4425
413	2031
413	4306
413	3876
414	2778
414	3434
414	2129
414	1430
414	1000
414	2791
415	4338
415	5736
415	725
416	2149
416	5583
416	2149
416	5455
416	5028
416	5583
417	3920
417	3979
417	5367
417	3257
417	3257
417	3979
417	2181
417	3920
417	5367
417	4076
418	1690
418	4531
418	3247
418	4831
419	5964
419	4526
419	2933
419	5964
419	2114
419	2933
419	4526
419	3113
420	1930
420	5109
420	1930
420	5109
421	881
421	4676
421	1112
421	441
421	881
421	4676
421	1112
421	441
421	1112
421	4676
421	1220
421	3029
421	881
422	937
422	5676
423	2200
423	3689
423	1551
423	3629
423	1431
423	2574
423	2200
423	3689
423	3629
424	6095
424	3221
424	2886
424	4696
424	2196
424	1451
424	1451
424	2196
424	2886
424	6095
425	3186
425	1402
425	1499
426	3206
426	1744
426	5678
426	3739
426	3422
426	3739
426	5279
426	3422
426	3206
426	1744
427	438
427	5966
427	693
427	4516
427	3369
427	3369
427	693
427	4516
427	5966
427	473
427	438
428	1532
428	1223
428	1041
428	5068
428	2728
428	4178
428	4178
428	2728
429	2823
429	3004
429	522
429	4619
429	522
429	4619
429	4955
429	1959
430	1980
430	3848
430	680
430	1256
430	4472
430	2914
431	4022
431	2100
431	5787
431	2081
431	4022
431	2100
431	2081
431	4022
431	2100
431	1031
431	5787
432	4744
432	1989
432	2901
432	4890
432	4309
432	1989
432	378
433	2467
433	5685
433	4825
434	2811
434	357
435	3143
435	96
435	2669
436	5480
436	5153
436	5967
436	4566
436	5424
437	5237
437	3625
437	1887
437	4347
437	5237
437	3625
437	4510
437	1887
438	2871
438	5968
438	631
438	404
438	3510
438	404
439	2220
439	3970
439	5038
439	5619
439	2220
439	3970
439	5619
440	1234
440	984
440	4433
441	1092
441	5135
441	5335
441	1643
441	1462
441	4276
441	1092
441	5335
441	1643
442	2405
442	3529
442	3140
442	2405
442	3529
442	3529
442	2405
442	3191
442	4888
442	1792
442	3140
443	4792
443	4179
443	3394
443	2929
443	3394
443	975
444	1762
444	1057
444	5693
444	802
445	5788
445	313
445	3236
445	1977
445	1314
445	4331
445	4331
445	3236
445	313
446	4744
446	314
446	3469
446	1024
446	5097
446	1636
446	3469
446	1024
446	5097
447	3526
447	3170
447	4127
447	5001
447	848
447	3170
447	848
448	1549
448	5969
448	5970
448	5482
449	261
449	4413
449	2338
449	1597
449	268
449	5201
449	2338
449	5201
449	268
449	1597
449	4413
449	261
449	1597
449	5201
450	1092
450	4538
450	2855
450	4538
451	5442
451	1247
452	5670
452	4623
453	1957
453	4854
453	5049
453	1368
453	3826
453	5049
453	3826
453	2656
453	4854
453	1368
453	1957
454	5362
454	4785
454	3848
454	2094
455	3516
455	1965
455	710
455	1965
455	3516
455	4174
455	5706
455	4087
456	4617
456	2869
456	5971
456	1388
456	446
456	1556
456	1556
456	1388
456	2869
457	4448
457	1206
457	4392
457	4218
457	4329
457	5535
458	5920
458	5684
458	3988
458	1631
458	2954
458	1412
458	5920
458	5684
458	3988
458	1631
458	2954
458	1412
459	380
459	6147
460	3849
460	982
461	903
461	5627
461	5309
461	3661
461	1672
461	1556
461	1556
461	1672
462	3612
462	264
463	1921
463	2615
463	1816
463	5415
463	1974
463	1816
463	2615
463	1921
463	5415
463	1816
463	4805
463	1974
464	1444
464	5189
464	4632
464	5807
464	2733
464	5189
464	1300
464	1444
464	5807
464	4632
465	564
465	183
465	5006
465	39
465	5006
465	39
465	68
466	3880
466	702
466	4222
466	3848
466	4893
466	3880
466	3848
467	6096
467	552
467	224
467	295
468	2581
468	1835
468	561
468	2709
469	4962
469	1740
469	1338
469	5537
469	4962
469	1740
469	1338
470	4773
470	2474
470	4135
470	5870
470	1206
470	5690
471	2666
471	2472
471	3117
471	414
472	5604
472	5749
473	1407
473	3586
474	1897
474	2978
474	54
474	4278
475	126
475	4170
475	1176
475	478
475	5703
475	171
476	4881
476	4019
476	3848
476	2519
476	2521
477	4865
477	1899
477	4890
477	4579
477	5229
477	3351
478	1543
478	4485
478	2714
478	5364
478	6097
478	4418
478	4418
478	5364
478	2714
478	4485
478	1543
479	2256
479	1843
479	2314
479	3185
480	5622
480	5973
480	4521
480	5585
480	5973
481	3719
481	1015
481	3719
481	1015
481	5329
481	2459
481	5322
482	5974
482	5545
482	5349
482	5732
482	1028
482	5219
483	5253
483	2741
483	751
483	454
483	5629
483	785
484	2132
484	5576
484	3862
484	3933
484	5796
484	4358
485	2380
485	5240
485	4660
485	3994
485	5197
485	4046
486	3287
486	45
486	4610
486	2699
486	3287
486	4610
486	2699
486	2417
486	5882
487	3043
487	2360
487	2642
487	493
487	2642
487	5359
487	2360
487	3043
487	2535
487	5501
488	4645
488	5975
488	1382
488	1011
488	2324
488	3361
488	4665
489	1355
489	1650
489	1792
489	313
489	3456
489	313
489	1792
489	1605
489	1650
489	1355
489	4502
489	1792
489	3456
490	1733
490	534
490	5729
490	3714
490	3553
490	2047
490	3001
490	3553
490	3714
490	5729
490	534
490	1733
491	2561
491	1672
491	1238
491	5792
491	3016
491	2539
492	2352
492	86
492	877
492	608
492	2352
492	86
492	877
492	608
493	5877
493	4488
493	4346
493	4718
493	5976
493	5368
493	1022
494	5540
494	1573
494	10
494	782
495	3318
495	4211
495	3318
495	5225
495	2252
495	2940
495	4211
495	5121
495	3318
495	4211
496	4382
496	619
496	2518
497	3494
497	4702
497	529
497	2717
497	3313
497	4625
497	563
497	4625
497	3313
498	2886
498	2435
498	2690
498	919
498	104
498	4249
498	2477
498	919
498	104
498	2477
498	2886
498	2435
498	2690
498	4249
499	4892
499	5698
499	496
499	1379
499	2309
499	4130
499	1477
499	496
499	5698
499	4130
499	2309
500	6101
500	6099
500	3611
500	313
500	3172
500	3693
500	5766
500	3611
500	3172
500	5766
500	313
500	3693
500	6099
500	6101
501	5120
501	316
502	2313
502	4297
502	1528
502	4744
502	782
502	2246
502	3826
503	4025
503	5810
503	4295
503	5739
503	3339
503	1232
503	1639
504	1748
504	3252
504	2265
504	5835
504	3522
504	6103
504	4822
504	4822
504	6103
504	2265
505	4149
505	2496
505	1891
505	4149
505	2496
505	509
506	426
506	4877
506	4249
506	609
506	1415
506	5477
506	426
506	4877
506	4249
506	5477
507	4474
507	2078
507	397
507	5978
507	1473
507	4474
507	2078
507	397
507	5978
507	1473
508	849
508	3702
508	5929
508	790
508	2767
508	1462
508	1547
509	5863
509	2631
509	5332
510	3143
510	1101
511	1657
511	2587
512	801
512	5859
512	1902
512	3459
512	3020
512	2809
512	5564
512	5564
512	2809
512	3459
512	5859
512	801
513	2796
513	2615
513	5903
513	5521
513	5514
513	4424
513	2796
513	2615
513	5903
513	5521
513	4424
513	1081
513	5514
513	2796
513	2615
513	5903
513	5514
514	5027
514	908
514	5054
515	4900
515	6105
515	3390
515	6107
515	5908
515	6105
515	80
515	5908
515	4900
515	6107
515	3390
515	2668
516	5509
516	2509
516	5507
516	5509
516	4576
516	2509
516	5507
516	5026
517	4010
517	3941
517	2393
517	4859
517	4050
518	1520
518	5281
518	5794
518	6108
519	1393
519	5606
519	1672
519	1063
519	1287
519	5411
519	1393
519	5606
519	1672
519	1063
519	5411
520	4010
520	2340
520	5856
520	4095
520	4490
520	3085
520	3085
520	4898
520	4490
520	4095
520	5856
520	2340
520	4010
521	4849
521	4100
521	5759
521	3990
521	4811
521	4849
521	5759
521	2133
521	4811
522	5177
522	782
522	313
522	313
522	2143
522	474
522	442
522	2789
523	115
523	4696
523	436
523	4696
523	2615
523	4696
523	5272
523	115
523	3640
523	1503
523	436
524	1629
524	1650
525	5869
525	2038
525	2198
525	2038
525	332
525	5869
525	5275
525	5607
526	3858
526	2980
526	5407
526	2980
526	5294
526	351
526	3813
526	1880
526	5294
526	351
527	1701
527	3895
527	2234
527	2644
527	5896
527	3027
527	4871
527	4871
527	5896
527	2234
527	1701
528	2675
528	921
528	924
528	2712
528	5802
528	5802
528	2712
528	924
528	921
528	2675
528	5353
528	5613
529	1865
529	3638
529	5144
530	3966
530	4202
531	4035
531	3049
532	3110
532	929
532	1674
532	4536
532	589
533	1134
533	5708
533	3211
533	4751
533	2063
533	5385
533	5014
533	3211
533	5708
534	4333
534	3127
534	4259
534	3591
534	1101
534	4353
534	4362
535	792
535	3508
535	1308
535	5431
536	183
536	5841
536	183
536	3075
536	2819
536	1455
536	2819
536	183
537	2154
537	2697
537	5019
537	95
537	625
537	5562
537	5382
538	2067
538	657
538	1650
538	2895
538	944
538	4711
538	5167
538	2895
538	2067
538	1650
538	657
539	318
539	2635
539	4696
539	3983
539	1832
539	545
539	2951
539	545
539	3983
539	2635
539	318
539	2951
539	1832
540	1372
540	1851
540	3704
540	5344
540	3337
541	3664
541	3264
541	3852
541	1153
541	3664
541	3264
541	1153
542	5913
542	4057
542	1565
542	5452
542	3390
542	5913
542	4057
542	5452
542	3390
542	1565
542	910
542	782
543	787
543	3530
544	3434
544	882
544	3360
544	782
544	5389
544	4350
544	782
544	5389
545	2251
545	2096
545	6109
545	4830
545	4672
546	4696
546	1548
546	4868
546	2176
547	2593
547	1713
547	1683
547	1206
547	2025
547	3771
547	1994
547	1683
547	2593
547	3771
547	1713
548	5980
548	5088
548	2906
548	3434
548	1963
548	4875
548	5980
548	2906
548	1963
548	4875
549	3658
549	4986
549	5982
549	1715
549	5426
549	2293
549	5331
549	5331
549	1715
549	5982
549	4986
549	3658
550	728
550	5478
550	4926
550	3331
550	5169
550	3331
551	84
551	157
551	4919
551	6110
551	5356
551	1413
551	157
552	3546
552	3512
552	2594
552	141
552	343
552	141
552	3546
552	3512
553	2636
553	3315
553	5423
553	3390
553	5692
553	5392
553	2859
553	2859
553	5692
553	3390
553	3315
554	2441
554	5134
554	2797
554	1409
554	2441
554	5134
554	2336
554	2673
555	3585
555	782
555	60
555	3898
556	5581
556	2899
556	5698
557	6156
557	3636
558	924
558	5551
558	3585
558	3155
558	3585
558	952
558	3063
558	909
558	3155
558	5551
559	3702
559	2075
559	3236
559	2561
559	465
559	3702
559	3236
559	2075
559	465
560	2281
560	4912
560	5309
560	226
560	5741
560	238
561	2631
561	2806
562	3271
562	4984
562	869
562	4336
562	2774
562	2070
562	562
562	4336
562	4984
563	3680
563	1373
563	4140
563	6111
563	5775
563	4140
563	5775
564	4926
564	3691
564	3411
564	2541
564	3130
564	1345
564	320
564	3130
564	2541
565	1736
565	5337
565	465
565	2119
565	4982
565	3541
565	5337
565	2119
565	4273
565	465
565	4982
566	954
566	1781
566	4902
566	418
566	4354
566	2911
566	1329
566	1329
566	2911
566	4902
566	954
567	1001
567	828
567	1816
567	4066
567	4174
567	1570
567	4817
567	4174
567	1816
567	4817
567	4066
568	5084
568	5668
568	3041
568	596
568	149
568	2702
568	4812
568	2702
568	149
568	596
568	3041
568	5668
568	5084
568	5084
568	596
569	2286
569	3117
569	5287
569	1055
569	848
569	738
570	4614
570	3729
570	4896
570	3998
570	4614
570	3729
570	4896
570	5464
570	3998
571	2503
571	5003
571	3343
571	4724
571	3050
572	2956
572	4236
572	853
572	2865
572	2583
572	1325
572	2583
572	5897
573	2820
573	3670
573	5269
573	1438
574	1071
574	4547
574	2666
574	3565
574	3565
574	3929
575	3732
575	5558
575	1341
575	353
575	4409
575	3936
575	2851
576	3540
576	4566
576	5160
576	4111
576	4471
576	3540
576	4125
576	4566
576	4111
576	4897
576	5160
576	4471
577	3662
577	2371
577	1422
577	143
577	1036
577	1487
577	2284
578	1124
578	2746
578	3828
578	2058
578	1977
578	135
578	5042
578	135
578	2058
578	3828
578	2746
578	5042
578	135
578	1977
578	2058
578	1124
579	3236
579	817
579	1365
579	30
579	356
579	817
579	3236
579	4576
579	3608
579	4576
579	30
579	1365
579	3608
579	817
579	356
580	858
580	3087
580	414
580	2736
580	2426
581	5490
581	4109
581	5231
581	1946
581	600
581	4271
581	1139
582	4606
582	5984
582	1191
582	5193
582	5986
582	2527
582	5988
582	4606
582	5984
582	1191
582	5193
582	5986
582	2527
582	5988
583	1679
583	2670
583	3076
583	5055
584	1249
584	1467
584	1966
584	3295
584	5989
584	1902
584	1249
585	2255
585	727
585	2123
585	723
585	5184
585	2255
585	727
585	723
585	5184
586	5274
586	5991
586	4707
586	5099
586	5084
586	4707
586	885
586	885
586	2345
586	4707
586	5991
586	5084
586	5274
586	5099
587	1937
587	2561
588	2053
588	4418
588	1793
588	3571
588	3072
588	4719
588	3920
588	3920
588	3072
588	3571
588	2053
589	2532
589	2772
589	566
589	6112
589	2532
589	2772
589	2532
589	2772
589	2421
590	2750
590	4696
590	436
590	1501
590	4992
590	891
590	4930
590	4930
590	4992
590	436
590	4696
590	2750
591	216
591	3022
591	3920
592	4132
592	4860
592	2940
592	166
592	2940
592	166
592	4132
593	348
593	1785
593	3395
593	2382
593	348
593	2123
593	3617
593	4112
594	130
594	4116
595	3571
595	3281
595	4585
595	3237
595	1334
596	4576
596	4587
596	2161
596	1558
596	30
596	2697
596	2862
597	4183
597	1582
597	2275
597	2278
598	3086
598	3253
598	2040
599	5596
599	4932
599	3168
600	5997
600	2920
600	5995
600	5993
600	1182
600	1638
600	5997
600	2920
600	5995
600	5993
601	3780
601	3390
601	5781
601	5852
601	3536
601	3390
601	499
601	5852
601	3536
601	3536
601	5852
601	499
601	5781
601	3390
601	3780
601	1839
602	4520
602	2873
602	3848
602	4000
603	3859
603	4249
603	2302
603	1267
604	628
604	516
604	5348
604	4927
604	1527
604	4483
604	3965
605	2115
605	3282
605	3319
605	1922
605	1006
605	799
605	1287
606	6114
606	5461
606	6114
606	3090
606	1550
606	5461
606	4761
606	3090
606	4012
606	382
606	3090
606	4012
606	382
607	99
607	942
607	2310
607	99
607	2975
608	5559
608	2960
608	5827
608	4432
608	1797
608	3402
608	693
609	5842
609	414
609	5209
609	5409
609	2995
609	546
609	2321
610	6158
610	4164
610	5561
610	6157
611	3298
611	2809
611	4026
611	5625
611	2105
611	3298
611	3098
611	1675
612	2036
612	6001
612	1776
612	6000
612	5998
612	1215
612	1776
612	6000
612	1215
613	5212
613	4362
614	3848
614	2543
614	2928
615	5876
615	469
616	6005
616	6003
616	6005
616	468
616	5020
616	6003
617	1880
617	2130
617	4793
617	4757
618	530
618	1400
618	2542
618	5052
618	6115
618	4966
618	4620
619	2840
619	2086
619	1945
619	3646
619	2262
619	4267
619	1945
619	186
619	2840
619	2086
619	3646
619	2472
619	2262
620	102
620	1615
620	4204
620	3109
620	2922
620	4196
620	3538
620	102
620	1615
620	4204
620	3109
620	2922
620	3538
621	878
621	2379
621	5485
621	3073
621	2344
621	3727
621	2379
621	3291
621	5486
622	2218
622	2709
622	1446
622	589
622	2709
622	475
622	6006
622	2218
622	5429
622	1446
622	589
622	4628
623	4249
623	2579
623	2631
624	669
624	3519
624	2366
624	669
624	2738
624	3519
624	5635
624	2366
625	1434
625	4357
625	2190
625	4024
626	3363
626	1926
626	848
626	848
626	1926
626	3363
626	1003
626	2561
626	23
626	5830
626	1194
627	1075
627	1128
627	1613
627	4043
628	1781
628	1532
628	736
628	1302
628	1957
628	2483
628	3166
628	706
628	1302
628	1532
629	6117
629	5216
629	4460
629	1990
629	4460
629	2212
629	1656
629	5216
629	6117
629	5790
629	5620
630	273
630	2897
630	4027
630	947
630	1056
631	3182
631	2048
631	1343
631	1535
631	3274
631	1187
631	2806
631	3214
631	2806
631	1343
632	1699
632	4506
633	2877
633	1861
633	5176
633	6159
634	5798
634	364
634	364
634	4948
634	1650
634	1421
634	4217
634	170
634	5798
634	5350
634	3478
634	1274
634	1904
634	3478
634	1904
635	5571
635	2615
635	4138
635	5497
635	4495
635	4370
635	2050
635	3132
635	3132
635	2050
635	4370
635	4495
635	4138
635	5571
636	4982
636	3894
636	1458
636	3134
636	2983
636	2861
636	4566
636	2631
636	2631
636	2983
636	4566
636	3134
636	2861
636	1458
636	3894
636	4982
637	2657
637	4067
637	3493
637	1287
637	2615
637	2022
637	1383
637	3736
637	1447
637	2067
637	5006
637	400
637	1319
637	2395
637	5168
637	400
637	2067
637	1319
637	3736
638	3656
638	986
638	2650
638	2246
638	2305
638	1165
638	4154
638	2194
638	4154
638	986
638	2305
638	2650
639	4304
639	2590
639	1547
639	705
639	1025
639	1871
639	705
640	6010
640	30
640	6008
640	4576
640	6010
640	6008
641	3450
641	1672
641	4048
641	1287
641	4997
641	11
641	5339
641	4883
641	4883
641	1672
641	3450
641	1287
641	4048
641	5339
641	4997
641	1287
641	1672
641	3450
642	1253
642	2401
642	3194
642	1829
642	2401
642	3194
642	1829
643	13
643	4657
643	5088
643	13
643	32
643	4657
644	2446
644	6012
644	748
644	1470
644	2619
644	4514
644	1470
644	660
644	4514
644	6012
644	748
644	2446
644	1603
644	2619
645	5314
645	5657
645	4908
645	1277
645	739
645	1972
645	5314
645	5657
645	1972
645	4908
645	1277
646	5627
646	2936
646	1698
646	483
646	5303
646	1804
646	669
646	2615
647	340
647	3472
647	1005
647	1538
647	329
647	340
647	3472
647	1005
647	1538
647	2283
647	329
647	1538
647	2283
647	329
647	340
647	3472
648	2664
648	4107
648	5824
648	2087
648	2562
648	31
648	3224
648	5824
648	3224
649	1070
649	5025
649	2438
649	95
649	483
649	5717
649	5746
649	1575
650	118
650	5475
650	2241
650	4018
650	5752
650	145
650	1733
650	5637
650	5637
650	145
650	5752
650	1733
650	4018
650	2241
650	5475
650	118
651	4792
651	3469
651	3
651	5646
651	3920
651	4234
651	414
651	1517
652	1371
652	1143
652	5448
652	3712
652	1911
652	1911
652	3247
652	2034
652	3247
652	1911
652	3712
652	5448
652	1143
652	1371
652	3310
653	2725
653	1984
653	1838
653	1749
654	1130
654	5425
654	1130
654	342
655	972
655	1877
655	6014
655	4071
655	4099
655	3397
655	5283
655	5699
655	5283
655	3397
655	4099
655	4071
655	6014
655	1877
655	972
656	5379
656	4671
656	1455
656	3342
656	4671
656	2709
656	3795
656	5379
656	3783
656	2224
657	1417
657	1308
657	4445
657	322
657	5617
657	1102
657	6118
657	4469
657	4445
657	1417
658	5095
658	655
658	220
658	4325
658	655
658	3313
658	220
658	5929
658	5095
659	1751
659	401
659	2381
659	2123
659	451
659	753
660	2586
660	820
660	2891
660	2763
660	168
660	5387
660	3710
660	4512
660	3710
660	5387
660	2891
660	820
660	4512
660	3710
660	168
660	2763
660	2586
661	1297
661	4777
661	448
661	3591
661	1504
661	492
661	4372
661	4777
661	448
661	3591
661	492
662	716
662	3667
662	2435
662	1752
662	4284
662	6120
662	2615
662	2697
662	2697
662	2615
662	6120
662	2435
662	3667
662	716
663	848
663	2507
663	4468
663	3027
663	676
663	1449
663	1733
663	5729
663	5729
663	1733
663	1449
663	676
663	4468
663	2507
663	848
664	198
664	2801
665	6122
665	4847
665	1359
665	1359
665	4789
665	4847
665	374
665	5709
665	6122
665	3037
665	1346
666	5255
666	2447
666	5602
666	4711
666	2335
666	4507
666	4059
666	1875
666	4059
666	2335
666	1875
666	5602
667	1334
667	551
667	1937
667	1334
667	551
667	1049
667	5929
667	1309
668	5187
668	4697
668	3440
668	1465
668	251
668	6123
669	4147
669	4744
669	3826
669	782
669	4657
669	1688
669	2294
669	2775
670	384
670	1577
670	3484
670	1683
670	111
670	674
670	4206
670	1719
670	4206
670	674
670	1577
671	2732
671	1165
671	4696
671	72
671	4220
671	2732
671	1165
671	1165
671	2732
671	782
671	4220
671	5050
671	2081
671	72
671	4696
672	4123
672	2343
672	5657
672	89
672	4356
672	1085
672	1389
672	905
672	1085
672	905
673	1654
673	1672
673	4944
673	3884
673	3830
673	325
673	4419
673	3107
673	3107
673	325
673	3884
673	4944
673	1672
673	1654
674	1738
674	5764
674	2462
674	2462
674	6124
674	5764
674	1738
674	3690
674	371
674	797
674	2024
675	3006
675	3152
675	450
675	3507
675	1167
675	297
675	2697
675	2069
675	3006
675	3152
675	450
675	3507
675	1167
675	297
675	2697
675	2069
676	210
676	6019
676	5063
676	1984
676	4258
676	4478
676	2430
676	2430
676	6015
676	4478
676	4258
676	1984
676	5063
676	6019
676	210
677	1480
677	3557
677	3811
677	4751
677	4431
677	3993
677	5481
677	414
678	293
678	465
679	5365
679	3547
679	2296
679	1414
679	5406
679	2663
679	2369
679	2045
680	534
680	5142
680	3284
680	3434
680	4466
680	5142
681	436
681	1106
681	5892
681	5892
681	1106
681	465
681	1573
681	4626
681	2667
681	4062
681	436
682	5459
682	2927
682	2827
682	4657
682	2908
682	4072
682	2927
682	4657
682	5467
682	5459
682	2827
682	5803
683	1524
683	3072
683	316
683	199
684	465
684	782
684	5291
684	5818
685	6125
685	137
685	4461
685	531
685	2900
685	3959
685	4401
685	5884
686	5226
686	4214
686	793
686	2507
686	645
686	2739
686	1796
686	5198
687	6021
687	6020
687	4699
687	712
687	3771
687	1213
688	2591
688	4615
688	2295
688	1369
688	2062
688	5799
689	5740
689	5059
689	6126
689	4630
689	2864
689	1103
689	4273
689	2463
690	3290
690	4344
691	2648
691	4909
691	4313
691	5040
691	4958
691	3544
691	4078
691	1887
692	4982
692	2615
692	3635
692	3931
692	5687
692	4982
692	2615
692	3931
692	4982
692	5153
692	5687
692	2424
692	5501
692	3635
693	509
693	4935
694	2676
694	5519
694	4583
694	4589
694	4376
694	4005
694	817
694	4589
694	817
694	4376
694	4005
695	851
695	110
695	1083
695	2789
695	3878
696	5681
696	972
696	3848
696	4202
696	972
696	5770
696	6023
696	1921
696	1921
696	6023
696	3848
696	972
696	5681
696	4202
696	5770
696	1287
697	4576
697	5861
698	5466
698	2525
698	4912
698	1985
698	5503
698	1954
698	4805
698	5466
698	2525
698	4912
698	5503
698	1954
698	4805
699	5672
699	5074
699	721
699	5888
699	653
699	4281
699	6027
699	4281
699	6027
699	5888
699	653
699	721
699	5888
699	6027
699	5074
699	4397
699	5672
699	4281
699	4397
699	6027
699	5888
699	653
699	5074
699	721
700	1593
700	4495
700	903
700	5884
700	5571
700	240
700	4947
700	1804
701	4965
701	716
701	37
701	3864
702	3858
702	700
702	5249
703	551
703	2561
704	3034
704	618
705	3588
705	4824
705	291
705	5832
705	3588
705	291
705	2236
705	4824
705	5832
705	291
705	5166
705	5492
706	4317
706	6129
706	1206
706	4317
706	6129
706	4657
706	4258
706	5702
706	1172
706	4317
706	4097
706	1172
706	5702
706	4258
706	4657
706	6129
706	4097
706	4317
706	1206
706	4657
706	5702
706	1206
706	1172
707	1581
707	5795
707	4450
708	2655
708	2867
708	4168
708	557
709	1074
709	2259
709	5398
709	3854
709	5431
709	89
709	2878
709	5437
709	2545
710	2571
710	5148
710	707
710	3265
710	2041
710	3953
710	5641
710	964
710	1610
710	1610
710	964
710	3953
710	5148
710	2571
711	2017
711	2197
711	4752
711	1357
712	669
712	3105
712	1758
712	3250
712	3360
712	6029
712	3083
712	6031
712	5222
712	5222
712	6031
712	3360
712	3250
712	3105
712	669
712	3083
712	6029
712	1758
713	3120
713	693
713	5473
713	4806
714	2019
714	3174
714	2019
714	1997
714	3174
714	1969
714	3932
714	5310
715	4757
715	1801
715	5712
715	2309
715	4545
715	4174
715	3560
715	1222
715	1400
715	1222
715	4545
715	5712
716	5025
716	2171
716	5138
716	3338
716	1226
717	4622
717	1327
717	1499
717	2402
717	4881
717	95
717	4158
717	3723
717	2615
717	2615
717	3723
717	4158
717	95
717	4881
717	1499
717	1327
718	5162
718	56
718	2743
718	294
718	5162
718	6033
718	56
718	6032
719	3039
719	1490
719	589
719	6035
719	4095
719	5918
719	3424
719	830
719	635
719	635
719	830
719	3424
719	5918
719	4095
719	6035
719	1490
719	3039
720	848
720	782
720	20
720	6160
720	4147
721	4520
721	1181
721	2183
721	1655
722	1124
722	2277
722	3499
722	1578
722	2389
722	669
722	4843
722	3976
722	1442
722	3976
722	2277
723	4249
723	1027
723	3360
723	4052
723	3152
723	1287
723	5681
723	3678
724	2396
724	4449
725	5698
725	5180
725	337
725	3454
725	5519
725	804
725	1608
725	420
725	4476
725	4476
725	420
725	804
725	5698
726	5594
726	2889
726	4634
726	4291
726	3034
726	591
726	5175
726	4634
726	5175
726	3034
726	2390
726	4291
726	2889
726	591
726	5594
726	4934
727	65
727	5557
727	259
727	259
727	5557
727	65
727	4311
727	2478
727	5664
727	1905
727	3799
727	5748
728	1250
728	3152
728	4381
728	5762
728	2879
728	3360
728	2031
728	346
729	1334
729	2690
730	3861
730	4520
730	1792
730	1781
730	4307
730	1409
730	5560
731	175
731	3674
731	231
731	2102
731	3008
731	263
731	2389
731	83
731	3280
731	3008
731	2102
731	231
732	4249
732	1792
732	5729
732	1733
732	4608
732	362
732	9
733	4828
733	255
733	3964
733	864
733	4410
733	4033
733	345
733	3536
733	3789
733	345
733	4033
733	4828
734	2113
734	2992
734	2094
734	1078
734	3077
734	477
734	1999
734	3067
734	5441
734	5441
734	1999
734	477
734	2094
734	2992
734	1078
734	2113
735	2123
735	4394
735	3891
735	30
735	3771
735	2690
735	3667
735	2886
736	4441
736	5628
736	453
736	5865
736	3138
736	5865
736	3602
736	3491
736	1043
736	3138
737	1680
737	2866
738	4319
738	3956
738	3165
738	4787
738	990
738	5595
738	142
738	3956
738	3165
738	2111
738	4787
739	4192
739	1420
739	5111
739	2903
739	2212
739	5326
739	5805
739	1263
739	693
739	5111
739	1420
739	693
739	1263
739	5805
739	5326
739	2212
739	2903
739	1420
740	2654
740	2411
740	2281
740	554
740	5058
740	1225
740	3602
740	2654
740	2411
740	2281
740	5029
741	2828
741	3469
741	100
741	5040
741	1136
741	4696
741	1428
741	624
742	3920
742	1438
742	3585
742	891
742	1032
742	3465
742	2897
742	3771
742	3465
742	3771
743	3623
743	3121
743	2201
743	1021
743	6130
743	2153
743	1938
743	1852
744	4391
744	4367
744	6161
744	5900
745	848
745	3864
745	4809
745	81
745	1308
745	5657
745	1240
745	633
745	1308
745	5657
745	1240
745	3001
745	633
745	848
745	4659
745	5158
745	2170
745	2170
745	4121
745	5158
745	225
745	3882
745	89
745	3960
745	4754
745	4659
746	3206
746	4696
746	4604
746	4805
746	4814
746	2028
746	1696
746	1231
746	4604
746	1696
746	4805
746	2028
746	2028
746	4814
746	4805
746	2128
746	1231
746	1696
746	4604
746	4696
746	3206
747	3024
747	470
747	159
747	1114
747	5341
747	3024
747	159
747	736
747	1114
747	4753
748	1608
748	1617
748	5592
748	95
748	598
748	1617
748	5592
748	95
748	1608
748	598
748	3731
748	5241
748	5616
748	3214
748	3066
748	743
748	693
748	3731
748	3214
748	3066
748	3277
748	693
749	2886
749	3983
749	3419
749	1156
749	2288
749	3602
749	3771
749	2288
749	1156
749	3419
749	2472
749	3983
749	2886
749	1535
749	1535
749	2472
750	3522
750	979
750	519
750	3522
750	979
751	789
751	6132
751	3201
751	1316
751	3940
751	3220
751	2362
751	732
751	1847
751	2362
751	3220
751	3940
751	1847
751	1316
751	3201
751	732
751	6132
751	789
752	1587
752	883
752	1047
752	2127
752	79
753	4085
753	5517
753	3585
753	1854
753	1849
753	63
753	1854
753	1849
753	63
754	567
754	4068
754	2472
754	4496
754	1552
754	4501
755	6037
755	5580
755	5542
755	782
755	4163
755	2084
755	2853
755	977
755	782
755	5532
755	5580
755	5542
755	6037
755	5532
755	977
755	2084
755	4163
756	1366
756	4322
757	1611
757	1095
757	4717
757	2475
757	5729
757	740
757	1989
757	4508
757	5729
758	3049
758	5228
758	2016
758	1407
758	2323
758	3321
758	5228
758	5285
758	1407
758	3672
758	3045
758	2016
758	3049
759	3021
759	2454
759	1396
759	4458
759	1718
759	1868
760	4091
760	30
760	1042
760	3247
760	278
760	2170
760	4069
760	4091
760	2170
761	983
761	5248
761	3946
761	4321
761	5501
761	5076
761	1525
761	404
761	5069
762	1989
762	5178
762	4234
762	1323
762	2816
762	146
762	118
763	4566
763	3481
763	3807
763	3481
763	2131
763	4566
763	5138
763	5358
763	1620
763	2856
763	1463
763	5358
763	3481
763	3807
764	3078
764	1634
764	5778
764	1634
764	2700
764	5669
765	615
765	637
765	637
765	782
765	4121
765	2940
765	4843
765	2904
765	615
765	1400
765	2425
766	4723
766	782
766	185
767	3771
767	515
767	2977
767	3180
767	3771
767	2977
767	4285
767	3457
767	515
767	5071
767	2055
767	3180
768	4029
768	1403
768	6148
768	5516
768	5516
768	743
768	4673
768	2376
769	4082
769	903
769	2111
769	4082
769	903
769	5649
769	2111
769	4933
769	1379
770	2302
770	5645
770	5404
770	912
770	5400
770	4917
770	4152
770	3475
770	617
770	2302
770	5645
770	5404
770	912
770	5400
770	4917
770	4152
770	3475
770	617
771	2205
771	2547
771	936
771	3289
771	4049
771	4435
771	2020
771	269
771	4195
772	5352
772	5491
772	693
772	2761
772	72
772	2250
772	589
772	1640
772	3113
772	2761
772	5352
773	1186
773	2756
773	2518
773	4923
774	828
774	485
774	485
774	1816
774	951
774	377
774	3322
774	3877
774	828
774	3926
774	248
774	951
774	1816
775	2981
775	1287
775	1154
775	730
775	3127
775	3348
775	4990
775	2744
775	4381
776	2554
776	579
776	1586
776	3476
776	1083
776	4349
776	3439
776	5244
777	2000
777	5747
777	2773
777	4156
778	2012
778	5267
778	194
778	5267
778	6038
778	2012
778	194
778	4864
778	1866
778	5267
778	3817
778	4835
779	2500
779	5873
779	2407
779	4809
779	4378
779	4915
779	6134
779	709
779	203
779	4378
779	4915
779	6134
779	4809
779	2500
779	5873
779	2407
779	709
779	203
780	1855
780	1994
781	3989
781	4503
781	1921
781	233
781	941
781	349
781	5213
781	3127
781	4124
782	2094
782	5052
782	278
782	2842
782	2454
782	278
782	2842
782	1818
782	3294
782	891
782	1818
782	2454
782	278
783	5527
783	1850
783	698
783	1599
783	5873
783	5527
783	4401
784	3055
784	4805
784	5530
784	4352
784	483
784	483
784	4352
784	1485
784	1591
784	5631
784	4805
784	97
784	3055
784	5530
785	5391
785	20
785	5343
785	3771
785	782
785	4744
785	1048
785	4427
785	2209
785	2209
785	4744
785	782
785	5343
785	20
785	5391
786	30
786	741
786	4576
786	4584
786	5861
786	3585
786	227
786	4567
786	4597
787	1052
787	4851
787	4381
787	185
787	2709
787	4639
787	1118
787	1052
787	4851
787	3961
787	2709
787	4639
787	578
788	4863
788	4744
788	2710
788	4299
788	6040
788	4863
788	4744
788	6040
788	4863
788	4744
788	782
789	2005
789	5857
789	4746
789	2176
789	1567
789	3168
789	3046
789	4023
789	2838
789	2838
789	2176
789	4746
789	2005
790	436
790	3371
790	436
790	3371
790	2157
790	1291
791	1679
791	1385
791	1565
791	313
791	3935
791	750
791	2348
791	5328
791	899
791	899
791	5328
791	2348
791	313
791	1565
791	3935
791	1385
792	1654
792	4922
792	1800
792	3499
792	334
792	628
792	628
792	334
792	3499
792	1800
792	6041
792	4922
792	4298
792	6042
792	1654
793	6045
793	2399
793	4287
793	5013
793	967
793	3509
793	4287
793	2399
793	967
793	6045
793	5142
793	5013
793	5397
793	3434
793	3434
793	5397
793	5013
793	5142
793	6045
793	2399
794	4712
794	2227
794	3524
794	3390
794	2525
794	4774
795	4340
795	4415
795	3921
795	4034
795	4340
795	4415
796	3703
796	1819
796	3365
796	5107
796	2946
796	52
796	1440
796	2424
796	1088
796	1440
796	52
796	1088
796	2424
796	2946
796	5107
796	3365
797	2766
797	2589
797	3568
797	6046
797	2971
797	5782
797	5760
797	124
797	3097
798	1875
798	3780
798	4176
798	946
798	3654
798	2971
798	2971
798	4176
798	1689
798	5817
798	190
798	3780
798	1875
798	3654
798	946
799	2943
799	5423
799	2428
799	994
799	4785
799	539
799	4885
799	1884
799	3565
799	3565
799	994
799	2428
799	1884
799	4885
799	539
799	4785
799	5423
799	2943
800	5867
800	5825
800	2516
800	1679
800	4834
800	3834
800	2813
800	2103
800	4990
800	2813
800	3834
800	4834
800	1679
800	2516
800	5867
801	1761
801	1350
801	1227
801	6135
801	1761
801	3063
802	2178
802	932
802	5300
802	3127
802	5086
802	237
802	5309
802	5204
802	5204
802	932
802	2178
802	5309
802	237
802	4820
802	5086
802	3127
802	5300
803	1038
803	3105
803	3687
803	361
803	3499
803	1707
803	3152
803	6047
803	4138
803	2838
803	3687
803	1038
804	896
804	1030
804	1921
804	2466
804	896
804	1030
804	2466
804	1242
804	4947
804	2779
804	677
805	1889
805	6048
805	1410
805	6050
805	6052
805	6053
805	835
805	496
805	3651
805	6055
805	6055
805	835
805	6052
805	6050
805	1889
806	3391
806	1268
806	697
806	5743
806	5247
806	3706
806	1076
806	3618
806	3938
806	695
806	695
806	3938
806	3706
806	5247
806	5743
806	697
807	3019
807	366
807	5288
807	1206
807	1784
807	2504
807	1206
807	4420
807	1206
807	3630
808	3831
808	6059
808	4534
808	6057
808	4061
808	5321
808	1035
808	6059
808	4534
808	4061
808	6056
809	871
809	5597
809	136
809	150
809	3453
809	3968
809	5682
809	4422
809	3320
809	3247
810	4385
810	1736
810	1736
810	2936
810	1706
810	864
810	1429
810	3991
810	1706
810	864
810	4385
810	2936
811	2183
811	5075
811	2143
811	1506
811	1148
811	4542
811	642
811	2031
811	1097
811	1750
811	1097
811	642
811	2143
812	3637
812	2887
812	887
812	3236
812	486
812	3673
812	4869
812	1134
812	5610
812	693
813	4234
813	1733
813	509
813	4920
813	928
813	1321
813	368
813	2375
813	5663
813	1913
813	1913
813	2375
813	368
813	1321
813	928
813	509
813	1733
813	4234
814	4318
814	1981
814	3035
814	1178
814	6150
814	6149
814	3818
815	5916
815	3152
815	5875
815	4699
815	3247
815	2824
815	5916
815	3152
815	5875
815	3247
815	3950
815	1355
815	4646
816	5090
816	3794
816	1594
816	3602
816	1213
816	3426
816	4274
816	331
816	3723
816	2392
816	1213
816	5090
816	3426
816	3602
817	2974
817	5395
817	1896
818	3950
818	4937
818	5778
818	3333
818	4453
818	4636
818	926
818	2793
818	4440
818	2231
818	2793
818	926
818	4636
818	4453
818	5778
818	4937
819	4199
819	422
819	4770
819	3251
819	132
820	2584
820	2358
820	5816
820	6137
820	1231
820	2642
820	1961
820	5589
820	2358
820	1231
820	6136
820	2642
820	3642
820	1961
820	5589
821	4041
821	2726
821	1115
821	393
821	313
821	393
821	466
822	4858
822	1937
822	1324
822	2271
822	244
822	3419
822	3202
822	3292
822	2271
822	244
823	1379
823	2275
824	2759
824	6061
824	4197
824	3972
824	2643
824	5819
824	292
824	3435
824	2973
824	1424
824	2759
824	6061
824	3972
825	539
825	389
825	2490
825	539
825	4771
825	4439
825	5211
825	2490
825	4208
825	389
825	2490
825	4439
825	3029
825	5211
825	4208
826	3420
826	1073
826	2202
826	2088
826	3720
826	5295
826	3261
826	2250
826	196
826	3248
826	2250
826	3261
826	1073
827	5239
827	5267
827	5023
827	5
827	5320
827	424
827	4582
827	5320
827	424
828	4104
828	1008
828	1483
828	6064
828	4390
828	2143
828	2725
828	59
828	2482
828	1483
828	4390
828	3815
828	2725
828	2482
828	4104
828	1483
828	4390
828	2482
828	4104
828	1008
828	6064
828	2143
828	2725
828	59
828	3815
828	2725
828	59
828	6064
828	2482
829	5450
829	3236
829	4612
829	2752
829	3791
829	3771
829	3771
829	1733
829	2645
829	5613
829	3791
829	2752
829	2071
829	3236
829	4612
829	5450
830	3310
830	2810
830	4045
830	1034
830	2822
831	5250
831	285
831	4182
831	285
831	4182
831	3551
831	5849
831	2776
831	1246
831	1522
831	4982
831	257
831	1522
831	4982
831	4182
831	3551
831	5849
832	6065
832	558
832	3152
832	443
832	3199
832	3178
832	4549
833	3671
833	4013
833	1756
833	5150
833	5252
833	6138
833	5150
833	3861
834	3068
834	5376
834	2157
834	3414
834	2843
834	4881
834	374
835	551
835	3444
835	2444
835	2180
835	2413
835	3786
835	596
835	998
835	3786
835	551
835	3444
835	596
835	998
835	2180
835	2413
835	3786
836	2909
836	1175
836	192
836	4857
837	1499
837	1672
837	5572
837	1895
837	897
837	1499
837	5317
837	4320
837	5002
837	1895
838	272
838	471
838	1505
838	795
839	3152
839	5218
839	4918
839	2111
839	5232
839	5045
839	5218
840	1561
840	4744
840	4147
840	2800
840	4086
840	3826
840	1541
840	2316
841	4592
841	5433
841	2514
841	3677
841	5037
841	4406
841	5666
841	3199
841	6140
841	6140
841	3199
841	5666
841	4406
841	5037
841	3677
841	2514
841	5433
841	4592
841	1949
842	2907
842	856
842	4234
842	4309
842	1308
842	1619
843	4385
843	1311
844	3390
844	5237
844	3513
844	5057
844	4576
844	501
844	6066
844	5119
844	4581
844	234
844	501
844	5237
844	3390
845	5377
845	2848
845	5267
845	329
845	642
845	2303
846	3646
846	5384
846	3097
846	68
846	4662
846	408
846	1709
846	5755
846	1951
846	2227
846	3097
846	3646
846	5755
846	5384
846	1951
846	68
846	2227
846	408
847	2164
847	4763
847	2164
847	1566
847	4499
847	4763
847	417
847	1390
847	4988
847	798
847	858
848	1272
848	4995
848	271
848	3684
848	1272
848	4995
848	271
848	3684
848	2243
848	1766
848	3809
848	3669
848	3115
848	2243
848	3669
848	3115
848	1766
848	3809
849	3236
849	3920
849	4041
849	5182
849	5536
849	5267
849	4041
849	3236
849	3526
849	3920
850	4868
850	2076
850	1344
850	195
850	887
850	2579
850	4868
850	1627
851	5324
851	1627
851	3267
851	866
851	5324
851	4
851	3771
851	211
851	1627
851	3267
851	386
851	866
852	1016
852	5153
852	4839
852	4166
852	4163
852	3351
852	3162
852	35
852	436
852	4839
852	4166
852	3351
852	4163
852	3162
853	1137
853	2135
853	4303
853	3181
853	6
853	3726
853	2850
853	2941
854	124
854	1258
854	2567
854	512
854	2330
854	4704
854	124
854	1258
854	2567
854	512
854	2330
854	4704
854	274
855	251
855	4532
855	4221
855	1265
855	3484
855	574
855	2899
855	1265
855	3484
855	574
855	3622
855	2986
855	1748
856	755
856	5220
856	232
856	45
856	2185
856	755
856	45
856	2185
857	4260
857	6067
857	1628
857	5878
857	2765
857	6068
857	4434
858	1510
858	1672
858	5243
858	3829
858	372
858	4235
858	1361
858	6069
858	1914
858	5243
858	1672
858	1510
858	2290
859	5008
859	5172
859	4566
859	3963
859	2944
859	680
859	4696
859	1357
859	5172
859	3963
859	4566
859	5008
859	4701
859	187
860	3559
860	3725
860	2918
860	2218
860	163
860	2493
860	4779
860	1816
860	5116
860	163
860	2218
860	5116
860	1816
860	4779
860	2494
860	2493
860	2918
860	3725
860	3559
861	703
861	3332
861	2781
861	1432
861	4215
861	4189
861	3556
861	2781
861	4189
861	4053
862	1040
862	4224
862	509
862	3920
862	3217
862	5278
862	4075
862	6143
862	4465
862	3217
862	4075
862	6143
862	4465
862	509
862	3217
862	5278
862	4075
862	3920
862	1040
862	6143
862	4465
862	4224
863	4198
863	2022
863	896
863	805
863	1823
863	917
863	3004
863	1002
863	1698
863	871
864	5371
864	1834
864	4509
864	6152
864	3639
864	6152
864	2930
865	127
865	1733
865	5590
865	4109
865	4586
865	1209
865	5490
866	3499
866	4436
866	5303
866	2100
866	2987
866	3063
866	325
866	730
867	2386
867	3943
867	4275
867	828
867	5841
867	224
867	3299
867	1798
867	1908
867	147
867	224
867	828
867	5841
867	3943
868	3627
868	2443
868	247
868	4212
868	3627
868	2218
868	4928
868	2311
868	2821
868	5571
868	2443
868	247
869	4566
869	3444
869	2561
869	3802
869	5209
869	3802
869	2789
869	5209
870	5205
870	1217
870	1485
870	2615
870	5756
870	3360
870	472
870	5348
870	4296
870	4805
871	5457
871	2997
871	266
871	5496
871	254
871	4957
871	5101
871	3190
871	989
871	107
871	989
871	989
871	5496
871	266
871	107
871	3190
871	5101
871	4957
871	2997
871	5457
871	254
872	5035
872	1243
872	188
872	4115
872	358
872	806
873	6162
873	1969
873	3288
873	1464
873	542
873	3812
874	6164
874	2006
874	5767
874	6163
874	2753
874	4368
874	3887
875	3984
875	1275
875	748
875	2622
875	1604
875	4184
875	6070
875	4283
876	3127
876	1287
876	4495
876	139
876	5309
876	4805
876	2973
876	2697
877	4566
877	1574
877	5496
877	5735
878	6071
878	3920
878	3616
878	417
878	3
878	2321
878	1517
878	5245
878	4566
878	5553
878	5553
878	4566
878	1517
878	2321
878	3
878	417
878	3616
878	3920
879	5882
879	2838
879	4543
879	2853
879	3771
879	4596
879	2984
879	2845
879	4085
879	2875
879	4596
879	2845
879	4085
880	5125
880	1255
880	6019
880	6019
880	3461
880	3015
880	1255
880	5125
880	3793
880	4641
880	2857
880	4640
880	2790
881	4829
881	5554
881	5423
881	2134
881	3951
881	487
882	3452
882	5768
883	2153
883	1769
883	3890
883	957
883	4366
883	465
883	5214
883	3850
883	2872
883	1295
883	465
883	4366
883	957
883	3890
883	1769
883	2153
883	2153
883	1769
883	3890
883	957
883	4366
883	465
883	1295
884	3848
884	2652
884	5170
884	1237
884	4657
884	589
884	74
884	733
884	4815
884	2454
885	6144
885	3372
885	2144
885	1928
885	1580
885	4005
885	313
885	5849
885	812
885	3804
885	4005
885	1928
885	5849
885	1580
885	313
886	3490
886	1380
886	4038
886	1149
886	3081
887	1673
887	1709
