0	574
0	6036
0	6038
0	6040
0	6042
0	6043
0	4848
1	4848
1	6042
1	6040
1	6038
2	6036
2	574
3	1723
3	4388
3	4749
4	6283
4	31
4	1804
4	2328
4	1963
4	4711
4	3868
4	3711
5	5678
5	2601
5	2182
5	2782
5	3673
6	1683
6	7
7	267
7	2944
7	248
8	1920
8	4760
8	3280
8	5341
9	5341
9	3280
10	1603
10	1561
10	6149
11	3935
11	1950
12	5358
12	4697
13	2026
13	5769
14	2515
14	1179
14	766
15	5750
15	546
16	1891
16	6337
16	5285
16	1886
16	1088
16	2159
16	3568
16	4956
16	670
16	5404
17	5404
17	5285
18	5088
18	2047
19	4019
19	1087
20	1963
20	3536
20	4452
20	5768
20	3885
20	4664
20	1336
20	1037
20	2771
20	1137
21	1137
21	1336
21	4664
21	1963
22	2525
22	2091
23	2561
23	3727
23	332
24	1707
24	3947
25	3955
25	76
26	1971
26	4093
27	2520
27	3127
27	5621
28	5978
28	5976
29	5757
29	5978
29	4353
30	1695
30	5455
31	4091
31	446
32	4110
32	2747
32	3146
32	6293
32	778
33	2747
33	3146
33	778
34	2760
34	4005
35	3722
35	3632
35	2258
35	1854
35	4087
36	6378
36	6377
36	3977
37	5860
37	361
37	3462
38	1497
38	5438
38	3507
39	3078
39	1497
39	5438
39	3462
40	5438
40	3507
41	6018
41	6016
41	6014
42	5103
42	5893
42	6012
43	893
43	6012
43	5893
43	5103
43	6014
43	6016
43	6018
44	1938
44	2622
45	2622
45	5283
45	3098
45	1938
46	5883
46	1812
46	462
46	819
46	3692
46	3445
47	26
47	437
48	5883
48	1812
49	5202
49	4012
50	854
50	5681
51	6002
51	4734
52	890
52	3414
53	4734
53	3414
54	2496
54	4734
55	5142
55	4019
56	2581
56	6259
57	510
57	1062
57	5737
58	474
58	1027
58	4189
59	510
59	2239
59	1062
59	5737
60	920
60	2113
60	5019
61	920
61	5019
62	4269
62	874
62	2872
62	4988
63	2637
63	1151
63	2349
64	1664
64	5909
65	3670
65	3070
66	3059
66	2123
66	2062
67	4791
67	4994
67	5850
67	3476
67	5684
67	1171
68	2161
68	5121
69	2161
69	5121
69	1171
70	3183
70	2935
71	3912
71	2211
72	5625
72	3501
72	357
73	5677
73	164
73	6148
74	6148
74	164
75	3006
75	1573
75	1196
75	4063
75	6077
75	1159
75	1240
75	4095
76	5232
76	3711
76	5076
76	908
76	4635
76	3347
77	1102
77	2043
77	671
78	2608
78	4129
79	5826
79	3040
79	1464
80	4228
80	372
80	792
80	1876
80	4397
80	852
80	4920
80	1131
81	852
81	1131
82	1131
82	4920
82	852
82	4397
82	1876
82	792
82	372
82	4228
83	5157
83	767
83	5819
84	2004
84	5998
85	4850
85	4050
86	4850
86	2004
86	5998
86	4050
87	226
87	5843
87	3225
87	494
87	6034
87	5798
87	4687
88	2455
88	3305
88	3297
88	5859
88	1200
88	6207
89	1656
89	2678
89	5553
89	1368
89	4420
90	1368
90	1656
91	4420
91	5553
91	2678
92	4691
92	3944
93	4782
93	4898
94	135
94	5693
94	5896
95	365
95	2932
95	5225
95	809
96	135
96	2932
97	4918
97	5896
98	2932
98	5225
99	365
99	809
100	826
100	3177
100	5384
100	5555
100	2491
100	1122
100	2405
101	5729
101	5841
101	4510
101	3387
101	698
101	2672
101	3484
102	1340
102	2988
103	203
103	4263
104	4463
104	2971
105	2988
105	4463
105	203
105	4263
106	48
106	3971
106	537
106	4124
106	2448
106	3532
106	3595
106	2586
107	2692
107	2756
108	4590
108	3973
109	5168
109	1791
110	4696
110	3547
110	4446
110	2501
110	3550
110	1528
110	856
111	1528
111	3550
111	2501
111	4446
111	4696
112	4641
112	3437
112	2435
113	3823
113	2374
113	4041
113	1004
113	3050
113	5663
113	1476
113	3893
114	3893
114	1476
114	5663
114	3050
114	1004
115	5067
115	3610
115	337
115	4766
115	847
115	3729
115	6225
116	4819
116	3868
116	698
117	3711
117	1963
118	1816
118	2873
118	2172
118	3236
118	3442
118	5760
118	5778
118	4545
118	5104
118	5308
119	867
119	1855
119	3448
120	3645
120	3266
120	5532
120	5607
121	5607
121	3266
122	2513
122	1030
123	1030
123	5247
123	3837
123	2513
123	4449
124	5247
124	1030
125	4449
125	3837
125	5247
126	4189
126	1836
127	987
127	2481
128	1860
128	5397
128	4627
129	2481
129	987
129	4627
129	5397
129	1860
130	589
130	897
130	4296
130	297
130	6221
131	5348
131	6221
131	5933
131	297
131	4296
131	897
131	589
132	4585
132	5241
133	4390
133	4983
133	2074
133	4586
134	1990
134	1950
135	267
135	1950
135	42
135	1990
136	2699
136	4455
137	2672
137	999
138	4455
138	999
138	2672
138	2699
139	4252
139	4754
139	3118
140	211
140	5360
141	4841
141	4319
142	4664
142	3913
143	5327
143	4990
143	6360
143	4591
143	1113
143	6359
143	5576
144	5633
144	374
144	4753
144	5191
144	85
145	3682
145	2800
146	4853
146	2739
146	611
146	3791
146	3080
146	3838
147	1608
147	5781
148	5323
148	3651
148	1749
149	99
149	4225
149	1278
149	545
149	4529
149	1034
150	4225
150	99
151	3135
151	3861
152	3135
152	5818
153	79
153	1784
153	1331
153	1564
153	5792
154	79
154	1331
154	1564
154	5792
155	5494
155	2573
156	5801
156	1784
157	4362
157	4993
157	38
157	6170
158	6170
158	38
158	4993
158	4362
158	6171
159	1789
159	1757
160	336
160	699
161	3272
161	4416
161	183
162	2701
162	3473
162	1120
162	250
162	5610
162	4514
162	3480
162	2659
163	2659
163	250
163	1120
164	3480
164	2701
165	6381
165	6380
165	39
166	1313
166	2519
166	1418
167	1313
167	1374
168	4765
168	4903
168	1374
169	2519
169	4903
170	5584
170	1682
171	5584
171	5717
172	5717
172	1682
172	5584
172	482
173	508
173	1998
173	4411
173	5861
173	4319
173	943
173	1895
173	33
174	1895
174	1998
175	33
175	943
175	4319
175	508
176	5419
176	1141
177	1601
177	3552
178	5574
178	1673
178	3470
179	3470
179	1673
180	626
180	6054
181	626
181	590
182	1223
182	318
183	1963
183	5571
184	4321
184	6389
184	5782
184	6388
184	3231
185	4636
185	3326
185	649
185	2713
185	195
186	4755
186	4839
186	167
186	2366
187	5740
187	1656
188	3755
188	4918
188	1084
188	5288
188	2317
188	972
188	2952
188	2822
189	1084
189	4918
189	3755
190	3588
190	1990
190	479
190	3765
191	1488
191	479
191	3765
192	3957
192	5561
192	440
192	6215
192	4966
192	1021
192	6216
193	2939
193	4068
193	2727
193	5369
193	1845
193	2985
194	2727
194	5369
194	1845
195	4063
195	1209
195	3239
195	4765
195	1738
196	2431
196	140
197	4647
197	1452
197	6226
197	75
197	2845
198	1452
198	75
199	5927
199	5788
199	5091
199	2178
199	5516
199	414
199	5014
199	94
200	5014
200	414
200	5516
200	2178
200	5091
200	5788
201	2974
201	5423
201	3126
201	5302
202	3126
202	5423
202	2974
203	660
203	3517
203	4009
203	4759
203	4464
203	1629
203	6028
204	6028
204	1629
204	4759
204	4009
204	3517
204	660
205	5999
205	3099
205	1126
205	6000
205	4562
205	6001
206	2288
206	2571
206	4406
206	5000
207	4406
207	2571
208	1632
208	36
208	2787
208	3637
208	2999
209	1632
209	36
209	2999
210	2447
210	2953
210	2787
210	5687
211	3307
211	2146
211	4914
211	929
211	6228
211	1169
211	2100
212	2100
212	6228
212	929
213	2146
213	3307
214	1613
214	1269
214	3712
214	400
214	5762
215	83
215	6082
215	3069
215	1759
216	347
216	4980
216	3606
217	2972
217	2753
217	4189
218	3831
218	3636
219	3631
219	4625
220	4664
220	2279
221	1375
221	1966
221	4209
222	6075
222	5929
222	6073
223	6076
223	6074
223	2075
224	4979
224	3952
224	5073
225	6369
225	511
226	4351
226	2009
227	3852
227	1815
228	4203
228	2676
228	672
229	5153
229	4573
229	941
229	2682
230	2682
230	941
230	4573
230	2582
230	5153
231	6135
231	6132
232	4532
232	604
233	3504
233	64
233	5321
234	6135
234	4532
234	604
234	4879
234	6132
235	5321
235	6132
235	64
235	4879
235	3504
235	604
235	4532
235	6135
236	860
236	137
237	5908
237	835
238	4090
238	289
239	17
239	4090
239	473
239	289
239	191
240	5129
240	5837
241	683
241	5520
242	5644
242	5542
242	4687
242	3648
243	2474
243	6327
243	1202
244	1202
244	5455
244	6327
244	2391
244	2313
244	2474
244	3648
244	4687
244	5542
244	5644
245	2391
245	5455
246	321
246	4851
246	4058
246	501
247	1740
247	553
248	2742
248	269
248	553
248	2116
248	1740
248	2871
248	4152
249	3167
249	3996
250	3167
250	3996
250	5928
251	198
251	4743
251	4244
251	2572
252	5377
252	3365
253	3365
253	5377
253	4045
254	2874
254	2951
255	4105
255	1208
256	1208
256	4395
257	4362
257	4664
258	4664
258	71
258	4362
258	6159
259	5238
259	1471
259	5447
259	2063
259	3548
259	6284
259	4129
259	4525
260	5336
260	4274
261	1420
261	5673
262	5281
262	3879
262	2912
263	3933
263	5900
263	2912
263	532
263	3879
263	2459
263	5281
264	5281
264	3879
264	532
264	2912
265	2459
265	5900
266	5231
266	3138
266	5214
266	5907
267	2768
267	217
268	3567
268	5693
268	402
268	2768
269	3567
269	1973
269	402
270	1973
270	217
271	2792
271	217
272	3559
272	2943
272	4544
273	1257
273	2015
273	960
274	4544
274	2943
274	960
274	2015
274	1257
274	3734
274	3626
274	3559
275	766
275	5676
276	5208
276	3293
277	6051
277	6048
278	6051
278	6048
278	5208
279	3293
279	5208
279	6048
279	4771
279	6051
279	5676
279	766
280	6063
280	6065
280	4479
280	449
280	6067
280	6069
280	6071
280	3774
281	3774
281	6071
281	6069
281	6067
281	449
281	4479
281	6065
282	3788
282	3663
282	749
282	4907
282	4436
282	4007
283	2860
283	1443
283	3077
283	44
283	6278
283	3724
283	3998
283	6280
284	6280
284	3998
284	3724
284	6278
284	44
284	3077
284	2860
285	4581
285	3696
286	3696
286	479
286	4581
287	5189
287	617
288	2316
288	4350
288	3771
288	1490
288	1232
289	4350
289	1488
289	1232
290	2316
290	1490
291	2143
291	1942
292	2189
292	2369
293	2143
293	2086
293	3951
293	2189
293	5333
294	5862
294	2066
294	1975
294	1450
294	3569
294	2334
295	1060
295	1288
295	2938
296	1598
296	3373
296	3172
296	4280
296	1070
296	2404
296	2706
297	1598
297	3373
297	3172
297	4280
297	1070
297	2404
297	2706
298	3464
298	4208
298	3984
299	1430
299	5421
299	2695
299	4486
300	4486
300	2695
300	4986
300	5421
300	1430
301	5050
301	1627
302	5891
302	1522
302	3256
302	18
302	2730
302	3603
302	5377
302	5044
303	4649
303	1761
303	1742
303	2307
303	4293
304	4649
304	2307
304	4293
305	5619
305	5338
306	5338
306	4548
306	1594
306	497
306	5619
306	5215
306	2903
307	1594
307	4548
308	4664
308	5729
308	31
308	2451
308	3387
308	5768
308	5571
309	4664
309	5729
309	31
309	2451
309	3387
309	5768
309	5571
310	2484
310	2280
311	1540
311	1738
312	2849
312	1463
313	2139
313	1463
314	5948
314	4607
314	2139
314	5339
314	2205
315	2139
315	4607
315	5948
316	3869
316	5481
316	4682
317	5086
317	100
318	6386
318	3257
318	5608
318	3179
319	4814
319	3562
320	2104
320	430
321	1713
321	4814
321	3562
322	4962
322	3743
322	4570
322	1910
322	1102
323	5855
323	2593
324	2004
324	2593
324	5855
324	2005
325	2593
325	2004
326	5619
326	4559
327	3130
327	4540
327	1339
328	1611
328	5501
328	97
328	5481
328	4302
328	2631
329	3252
329	3188
329	1677
330	1572
330	16
331	16
331	4566
331	840
331	1572
331	2716
331	4415
331	644
332	2716
332	1572
332	4566
333	4525
333	3412
334	5735
334	1688
334	2246
334	4525
335	778
335	5502
336	2324
336	5875
336	2969
336	302
336	5709
337	2324
337	6106
337	5709
338	2969
338	302
338	3037
339	2324
339	5875
339	5709
340	1137
340	1077
341	5780
341	1043
342	350
342	3183
342	5753
342	3316
342	153
342	3912
342	3644
343	3644
343	3912
343	153
343	3316
343	3183
343	350
344	1608
344	4552
345	187
345	1938
345	4865
345	347
345	90
346	90
346	347
346	2835
346	4865
346	267
346	3690
346	1938
346	187
347	5168
347	5504
347	2302
348	5504
348	5168
349	2682
349	5572
349	108
349	5577
349	1882
349	5124
349	3730
349	5408
350	5124
350	1882
351	194
351	5078
351	1882
351	3509
352	947
352	194
352	5078
352	1882
352	3509
352	2955
353	947
353	3979
353	3916
353	137
354	4963
354	3686
355	3384
355	2757
355	5820
355	1863
356	4319
356	4986
357	2766
357	2627
357	468
358	3141
358	5356
358	135
358	2530
358	6273
358	1780
358	5446
358	6274
359	5356
359	3141
360	1780
360	6273
360	5356
361	2817
361	556
361	5305
361	397
362	397
362	556
363	5746
363	6338
363	5712
363	2416
363	5786
363	4028
364	5125
364	3456
365	5539
365	4206
365	3242
366	6253
366	2439
366	1245
367	5539
367	2479
367	4206
367	3242
368	3242
368	4206
368	1245
368	2479
368	2439
368	6253
368	5539
369	1752
369	297
369	313
369	5351
369	5106
369	3656
369	664
369	2894
370	664
370	5106
370	297
371	3656
371	1752
372	2688
372	5511
373	4022
373	1556
374	1556
374	5236
374	5511
374	5545
374	4022
374	3846
374	1534
374	2564
374	2688
375	2564
375	1534
375	3846
375	5236
376	2564
376	1534
376	5236
377	2688
377	3846
377	5545
378	61
378	2831
379	754
379	2421
379	5006
380	633
380	4242
380	4986
381	6108
381	2927
381	909
381	6090
381	60
381	5464
381	2402
381	6110
382	6110
382	2402
382	5464
382	60
382	6090
382	6108
383	961
383	3899
384	1292
384	2110
385	1292
385	2110
385	1102
386	4291
386	1102
387	4711
387	5729
388	1313
388	4664
389	4720
389	3384
390	145
390	4720
390	4193
391	145
391	4720
391	4193
391	3384
391	550
391	4340
392	2832
392	4294
393	569
393	3064
393	2035
393	2499
393	2373
393	5488
393	2200
393	4893
393	2799
394	2799
394	4893
394	2200
394	2373
394	2499
394	2035
394	3064
394	569
395	2580
395	1663
395	2093
395	5530
396	5530
396	2580
397	4107
397	1830
397	4871
397	6316
397	705
398	2218
398	368
399	2218
399	6316
399	705
400	82
400	1671
401	5142
401	1060
401	5331
402	4066
402	4561
402	4483
402	5331
402	1060
402	5142
402	1671
402	82
403	1060
403	5331
403	4483
404	2551
404	3931
405	2050
405	5226
405	2051
405	5413
406	606
406	5455
406	4711
406	4102
406	1102
406	6019
406	731
407	4711
407	5455
408	5094
408	204
408	1795
408	5593
408	2723
409	886
409	382
409	2510
409	2294
410	886
410	382
410	2510
410	2294
411	3416
411	4643
412	1076
412	4643
412	4613
413	4896
413	3416
414	6235
414	4961
415	1076
415	4613
416	3510
416	5029
416	2117
416	2951
417	2854
417	2806
418	1348
418	2854
418	2806
418	1293
419	908
419	3527
419	3654
419	1909
419	58
419	1818
420	1818
420	58
420	3654
420	3527
420	908
421	1909
421	3527
421	908
422	4487
422	2449
422	5201
422	424
422	244
423	244
423	424
423	5201
424	190
424	535
425	4922
425	3666
425	220
426	3906
426	1239
426	5650
427	6003
427	3151
428	1239
428	5650
429	4459
429	6195
429	4503
429	5496
429	3925
429	6197
430	6197
430	3925
430	4503
430	6195
431	4199
431	3433
431	6174
431	3491
431	207
432	990
432	849
432	4956
433	4956
433	849
434	1145
434	2886
434	4513
434	1701
434	5426
434	4202
434	50
434	5659
435	5659
435	50
435	1701
435	4513
436	5179
436	4958
436	2446
436	3164
436	610
436	3449
437	932
437	2526
437	5172
437	2309
437	5471
437	4765
437	3144
437	597
438	5471
438	932
439	597
439	3144
439	4765
439	2309
440	5177
440	6230
441	3832
441	3085
441	3336
441	6230
441	5177
441	4630
441	4108
442	3022
442	1963
442	4956
442	3938
443	1963
443	3022
444	58
444	2649
444	908
445	807
445	1648
446	1140
446	5533
447	843
447	2986
447	2815
447	2348
448	4981
448	3840
448	3151
448	4694
448	5378
448	2079
448	935
449	2339
449	4458
450	1013
450	2339
450	1228
450	1523
450	5299
451	3839
451	270
451	5304
451	3333
451	876
452	3556
452	2299
452	4477
452	1592
453	1592
453	2299
454	4477
454	3556
455	1762
455	1613
456	4173
456	2452
456	4099
456	3898
457	5143
457	1560
458	3102
458	1781
459	2312
459	3779
460	4583
460	5153
460	2394
461	4165
461	2842
461	4690
461	2394
462	2394
462	4690
462	2842
462	5153
462	4165
462	1279
462	4583
463	4165
463	2842
463	4690
464	5959
464	1916
465	5847
465	3068
465	274
465	1585
465	3854
465	1965
466	113
466	3161
466	1965
467	1260
467	5607
467	3543
467	2085
467	454
467	5391
468	5391
468	2085
468	5607
468	1260
469	5391
469	2085
470	454
470	1260
471	3543
471	5607
472	4065
472	2596
473	913
473	857
474	4130
474	5894
474	1285
474	4285
474	3289
475	4639
475	2472
475	828
475	534
475	973
476	1829
476	1820
477	1829
477	1645
477	1820
478	3353
478	4144
479	5826
479	4869
479	913
479	469
479	540
479	1982
479	963
479	1614
480	1944
480	500
481	977
481	4671
482	3122
482	239
482	4471
482	674
483	3122
483	4297
483	3668
483	239
483	4471
483	674
484	6091
484	6090
485	3043
485	4092
485	827
485	4554
485	6092
486	5007
486	1026
486	3192
487	336
487	4507
488	4507
488	336
488	865
489	3868
489	1963
490	785
490	4835
490	3194
491	3883
491	5814
492	3194
492	3883
492	5814
493	3212
493	1551
494	1064
494	5865
495	3919
495	6324
495	4527
496	4327
496	4527
497	3212
497	1551
497	6325
497	1064
497	5865
497	454
497	4327
498	4126
498	2896
499	4927
499	2629
499	3512
499	1164
499	4242
499	4122
499	4167
500	4167
500	4122
500	4242
500	1164
500	3173
500	3512
500	2629
500	4927
501	3734
501	6163
501	6164
501	6165
502	2287
502	5815
502	280
502	4987
502	6138
502	619
502	2409
502	4350
502	1266
503	3601
503	5808
503	5302
503	3352
503	5701
503	6139
504	3962
504	1709
505	4839
505	2366
506	3962
506	4609
507	1272
507	4347
507	1651
507	1406
507	5588
507	5027
508	5027
508	1406
508	1651
508	4347
509	5351
509	189
510	201
510	5351
510	189
511	2991
511	5961
511	2663
512	2997
512	5142
512	4100
512	4319
513	4621
513	5175
513	2085
514	2612
514	2984
514	2765
514	3061
514	397
515	397
515	451
515	3061
515	4775
515	2765
515	2984
515	5840
515	2612
516	6004
516	6005
516	6006
516	6007
516	6008
516	6009
516	6010
517	6053
517	120
518	3835
518	285
519	6053
519	120
519	285
520	3835
520	4842
521	6353
521	6352
522	6351
522	561
523	6102
523	6099
523	6097
523	6095
524	6093
524	5383
524	2260
524	6095
524	6097
524	6099
524	6100
524	6102
525	2731
525	5585
526	2990
526	2030
527	1322
527	5590
528	5590
528	3450
528	1322
529	1620
529	2196
529	3216
529	948
529	2568
530	1181
530	461
531	3778
531	3384
531	461
531	1181
531	698
532	3384
532	3778
533	3313
533	383
534	719
534	6136
534	2414
534	5903
534	3084
534	2793
534	1250
534	6137
534	1317
535	1250
535	3084
535	2414
536	3683
536	736
536	1821
537	3030
537	1711
537	3284
538	3513
538	866
538	1711
538	3284
539	244
539	3291
539	1869
539	4280
539	4055
540	244
540	3291
540	1869
540	4280
540	4055
541	5839
541	1521
541	125
541	1440
542	4960
542	125
542	1440
543	4960
543	1440
544	709
544	5038
545	5038
545	709
545	5486
546	1565
546	5866
547	3976
547	101
547	4319
547	5079
548	4249
548	6371
548	1509
549	3249
549	6251
549	1213
549	1125
549	3855
549	1138
549	3088
550	3088
550	1125
550	1213
550	3249
551	1608
551	5903
551	1517
552	2059
552	1836
553	1836
553	698
553	2059
554	2750
554	496
554	634
554	4172
555	2057
555	2015
555	4629
556	2015
556	2057
557	4067
557	2633
558	1033
558	6361
559	143
559	3546
560	1187
560	143
560	3546
561	1187
561	3404
561	5777
562	1187
562	3404
563	5777
563	4389
563	3404
563	3546
563	143
563	1187
564	5611
564	5187
564	5880
565	2834
565	1986
565	897
565	3246
566	897
566	1986
566	2834
567	1885
567	1234
567	1117
567	4268
568	80
568	1625
569	5829
569	2247
570	1970
570	3135
570	4086
571	1970
571	4086
572	5933
572	825
573	2693
573	4897
574	2234
574	5957
574	2743
575	5759
575	2176
576	820
576	1474
576	565
577	5263
577	5759
577	2176
578	2797
578	4525
578	5116
578	4857
579	1558
579	2304
579	235
579	2163
579	2517
580	2517
580	2163
580	2304
580	1558
581	6366
581	6365
581	6364
581	6363
581	6362
582	1899
582	1632
583	6045
583	6044
584	2127
584	2119
584	2541
584	4571
584	2128
585	51
585	2468
585	436
585	1803
585	90
586	3594
586	3716
586	2669
587	23
587	4800
587	3722
587	1205
588	1205
588	3722
588	23
589	2665
589	2596
590	950
590	1918
591	1466
591	4751
591	6219
592	1466
592	4751
592	6219
592	457
592	376
592	6217
593	2213
593	1391
594	2040
594	1391
594	3406
594	2213
594	2733
595	4019
595	1313
595	4664
595	5142
596	4664
596	4468
597	2249
597	4956
597	1413
598	1413
598	2249
599	4488
599	5534
599	3404
599	4746
599	669
599	302
599	2015
600	2015
600	302
600	3404
601	3097
601	5228
602	1862
602	5228
602	3097
602	111
602	2545
603	1924
603	1282
603	267
604	267
604	1924
605	4189
605	3711
605	4711
606	2951
606	5263
607	4711
607	766
607	5263
607	3470
607	305
607	3711
607	2951
607	4189
608	2922
608	4557
609	5918
609	3665
610	5425
610	2777
610	391
611	5918
611	5425
611	3665
612	2777
612	391
613	5043
613	34
613	135
614	4138
614	5790
615	5576
615	3011
616	41
616	2311
617	41
617	3758
617	2311
618	4546
618	4873
618	405
619	4728
619	2165
620	1540
620	4063
621	5588
621	5203
622	4027
622	5890
623	4605
623	485
624	1788
624	4736
624	3597
625	485
625	3344
625	3597
625	4736
625	5890
625	4027
625	4605
625	1788
626	6339
626	1175
627	1679
627	1857
627	2664
627	1175
627	3949
628	4619
628	205
629	4325
629	1168
629	744
630	4115
630	4325
630	1168
630	744
631	4115
631	4619
631	4325
631	1168
631	744
632	4115
632	2376
632	4046
633	6233
633	4149
633	5849
633	5628
633	6234
633	4879
633	773
634	2925
634	5543
634	4711
634	2732
635	3701
635	5804
635	387
636	1424
636	4253
637	3312
637	3701
637	1424
637	1979
638	2902
638	1562
638	6112
639	6248
639	2737
639	499
639	6246
639	927
640	927
640	6244
640	6246
640	3014
640	499
640	2737
640	6248
641	252
641	5217
641	4142
641	1488
642	4142
642	5217
642	252
643	2271
643	1051
643	3699
643	5462
644	1938
644	735
645	735
645	5462
645	3699
645	1938
645	1051
645	2271
645	6224
646	5921
646	2214
646	3007
647	2534
647	766
648	3191
648	1947
649	1192
649	703
650	2794
650	1112
650	584
651	1726
651	368
652	3620
652	4400
652	4096
653	3258
653	1199
653	3889
654	2614
654	4991
655	1082
655	2055
656	4556
656	3912
657	2466
657	577
658	4556
658	2466
658	3912
658	3966
658	577
658	3215
659	3225
659	5925
659	1378
660	3272
660	183
661	4084
661	6030
661	6032
661	6033
661	183
661	1038
661	3272
662	6032
662	4084
663	6141
663	4159
663	6140
664	375
664	3826
665	4619
665	4484
665	5536
666	2887
666	5008
666	6150
667	3213
667	4175
667	540
668	540
668	4175
669	4625
669	514
670	2434
670	5989
670	5990
670	5991
670	5992
671	2990
671	5359
672	653
672	1772
672	4793
672	1896
673	1348
673	1568
674	6243
674	5119
674	3873
675	4004
675	3056
676	3873
676	3056
676	1568
676	4004
676	5119
676	6243
676	1348
677	6243
677	3056
678	2412
678	2869
678	4918
679	2869
679	2412
680	1884
680	6153
680	5912
680	6154
681	3336
681	5093
681	5627
681	1774
681	5056
681	2183
682	5056
682	1774
682	5627
682	5093
682	3336
683	13
683	47
684	3989
684	1226
684	4446
684	1528
684	2271
685	1226
685	1528
686	2074
686	13
687	3989
687	1226
687	4446
687	1528
688	3324
688	5686
688	5982
689	5982
689	1506
689	5686
689	3324
689	129
690	2654
690	3767
691	5101
691	3767
691	2654
692	1457
692	2246
692	2885
692	4343
693	4343
693	3604
693	2885
693	1301
693	2246
693	1457
694	2246
694	2885
695	2246
695	2885
695	4343
696	814
696	3480
697	6213
697	2356
697	830
697	2124
697	3600
697	2850
698	1370
698	541
698	6345
699	3820
699	2806
700	5919
700	4446
700	1619
701	6142
701	3160
702	4425
702	3821
702	5400
702	3160
703	741
703	1619
704	475
704	3253
705	5379
705	1386
705	20
705	818
705	4106
706	20
706	818
707	4829
707	2770
707	6354
707	147
708	6355
708	5409
709	2457
709	4943
709	1584
709	1323
710	619
710	282
710	5431
710	3806
710	3229
710	5267
711	3806
711	5431
712	1791
712	5493
712	2042
713	3136
713	3000
714	5657
714	3635
714	1392
714	1548
715	5657
715	3635
715	1548
716	4150
716	3019
716	4406
716	6260
716	4125
716	3691
716	1690
716	3012
717	1642
717	5128
717	229
717	4365
717	169
718	2332
718	1107
719	2332
719	4365
720	169
720	4365
720	229
720	1107
720	2332
720	1983
720	5128
720	1642
720	3142
721	3737
721	3629
721	4380
721	5870
721	2233
722	6123
722	4912
722	5520
723	6121
723	4939
723	5367
724	6123
724	6121
724	2425
725	4912
725	5520
726	5803
726	1381
727	3470
727	4158
728	3470
728	4605
728	1616
728	4158
729	3470
729	1616
729	4158
730	4934
730	1596
730	2344
730	4218
730	2172
731	4934
731	1596
731	2344
731	2172
732	1019
732	1299
732	3923
732	433
733	6083
733	3304
733	1019
733	5070
733	1299
733	3923
733	433
734	5070
734	1299
734	3923
734	433
735	1019
735	3923
736	2774
736	4259
736	3574
737	3574
737	2774
738	5199
738	6117
738	2962
738	1874
738	6118
738	6119
738	5624
738	2351
739	2033
739	2422
740	3890
740	3050
740	3768
740	2535
741	714
741	5122
741	1637
741	5033
742	559
742	4320
742	5219
743	5315
743	3026
743	1095
743	4137
743	2410
743	1379
743	4880
744	2397
744	5528
744	990
744	4828
745	2397
745	5528
746	348
746	3829
747	4865
747	3288
747	2497
748	5041
748	3288
749	197
749	2712
749	2230
749	378
749	4929
750	197
750	2783
750	2712
750	2230
750	378
750	4929
751	3795
751	1095
751	5198
752	5198
752	3795
753	6180
753	1073
753	3669
753	5144
753	774
754	3109
754	5823
754	2061
754	4249
755	4249
755	2061
755	5823
756	2607
756	4131
756	1722
756	293
756	3196
757	293
757	1722
758	5142
758	4436
758	2730
758	1458
758	3688
758	5370
758	5004
759	1839
759	5264
759	4468
759	6236
759	521
759	3480
759	726
760	6160
760	6161
760	3903
760	3871
761	2368
761	2211
762	2211
762	2602
762	550
762	2368
763	3650
763	5733
763	3104
763	3371
764	3650
764	3104
765	5887
765	1822
766	1267
766	4752
767	3238
767	3787
767	5449
767	1455
767	1283
767	2588
768	1455
768	1588
769	5449
769	2588
770	3238
770	3787
771	1273
771	4255
771	1898
771	4665
772	4264
772	4899
773	2230
773	4561
773	2909
773	2271
773	2846
773	5039
774	1729
774	2593
774	3810
774	728
774	259
774	7
775	259
775	728
775	3810
775	1729
776	7
776	2593
777	3694
777	5346
777	4924
778	3694
778	5346
779	3020
779	4924
780	1433
780	3735
781	3446
781	4059
781	6126
781	6127
781	4344
781	2041
781	2168
781	6128
782	5142
782	2046
782	1037
782	3484
782	5298
782	4019
783	6379
783	3619
784	5459
784	2706
785	657
785	3035
785	4651
786	657
786	5288
786	3035
786	4651
787	1938
787	1488
788	3928
788	6300
788	6299
789	676
789	3303
790	4747
790	3266
791	1738
791	2271
791	5647
791	481
791	4259
791	1368
792	2271
792	5647
792	1368
793	1326
793	3567
793	723
793	4481
793	4668
794	4668
794	4481
794	723
794	3567
794	4135
794	1326
794	1678
795	4638
795	3064
795	3071
796	1776
796	494
797	1391
797	2685
798	4579
798	784
799	4579
799	1391
799	784
799	2685
800	3318
800	4785
800	5142
800	6368
801	5789
801	4451
802	5699
802	4146
802	503
802	5343
802	4158
802	3608
802	1243
803	4158
803	5699
804	1243
804	5343
804	503
804	4146
805	1712
805	3960
805	5302
805	2226
805	2710
805	930
806	749
806	2922
806	2364
806	4148
806	1177
806	4941
806	4498
806	5571
806	2993
807	2993
807	5571
807	4498
807	4941
807	1177
807	4148
807	2364
807	2922
807	749
808	5458
808	1421
809	3607
809	5645
810	6062
810	6061
811	1445
811	729
812	5045
812	1999
813	1040
813	2728
813	3785
814	1040
814	3785
815	3927
815	2068
815	4080
815	4424
815	5853
815	1719
815	31
815	698
816	3927
816	2068
816	4080
816	4424
816	5853
816	1719
816	31
816	698
817	5291
817	6341
818	365
818	1745
818	1733
818	628
818	3092
819	530
819	4757
819	3092
819	628
819	1733
819	1914
819	1745
819	2536
819	365
820	2456
820	879
821	2417
821	1992
821	879
822	3097
822	4683
822	5700
822	6060
822	3981
822	2235
822	4140
823	2258
823	5869
824	648
824	279
824	2258
824	5869
825	3245
825	466
825	3626
826	713
826	4809
826	3588
826	439
827	4071
827	6264
827	3426
828	4031
828	982
829	3426
829	5377
829	6264
829	4071
829	982
829	3682
829	803
829	4031
830	3682
830	4071
830	6264
830	3426
831	4031
831	6264
832	4215
832	139
832	183
832	3748
832	5657
832	347
832	3272
833	3272
833	347
833	5657
833	3748
833	183
834	3272
834	5657
835	3118
835	1788
835	1254
835	2809
835	327
836	2809
836	1254
836	1788
836	3118
837	3857
837	5429
837	643
838	3857
838	5429
839	1856
839	3943
839	1274
840	2762
840	4358
841	3808
841	2385
842	2385
842	4358
842	3808
842	1197
842	527
842	1626
842	621
842	161
842	2762
843	621
843	527
844	3163
844	2718
844	1546
845	1994
845	2380
846	3746
846	495
847	4198
847	4398
848	3118
848	2937
848	318
848	4044
848	3210
848	4619
848	4468
848	5955
849	3210
849	2937
850	3912
850	4999
851	4414
851	5984
851	5986
851	5024
851	1803
852	5986
852	5984
853	544
853	4711
853	2348
853	999
853	4856
854	999
854	4711
855	1020
855	1210
855	6387
855	5323
855	420
856	2641
856	3310
856	3447
856	4367
857	2816
857	6254
857	2901
857	6255
857	1698
857	4946
857	2673
858	3201
858	2854
859	3201
859	5427
859	2339
860	753
860	2400
860	2824
860	5440
861	753
861	2400
861	2154
861	1368
862	753
862	2400
862	2824
862	5440
862	1368
863	2208
863	2348
864	2165
864	4728
865	1893
865	5476
865	4139
865	2540
866	1541
866	1447
867	5916
867	4910
867	685
868	3047
868	2879
868	3190
868	2040
869	3190
869	2879
870	1810
870	3902
870	4721
870	2994
870	368
871	2702
871	2775
872	1727
872	3628
873	712
873	3818
873	1995
873	2714
873	3404
874	1127
874	5335
875	6187
875	5335
876	6189
876	1264
876	4039
876	6187
877	6189
877	6187
878	425
878	5963
878	2795
878	5401
879	3433
879	2803
879	2108
879	5508
879	4748
879	3455
879	4493
879	3149
880	5222
880	824
880	6078
881	5222
881	824
882	6146
882	2719
883	4171
883	5948
883	1912
883	5863
883	1760
884	3262
884	4836
885	4781
885	6162
886	3661
886	3534
886	3481
886	387
887	4921
887	259
887	399
888	4222
888	3888
888	259
888	1007
888	399
888	428
889	4222
889	1007
889	1165
890	1780
890	5307
890	5163
890	4730
890	3374
890	183
890	5446
891	2286
891	567
891	2751
892	567
892	2286
893	4160
893	6367
894	3434
894	412
894	2703
894	5699
894	4778
895	1203
895	5807
896	2107
896	757
896	5811
896	5548
897	1497
897	1624
898	2107
898	757
898	5811
898	1497
898	1624
898	5548
899	5548
899	1624
899	1497
899	1313
899	5811
899	757
899	2107
900	863
900	3901
901	3901
901	5960
901	863
902	1907
902	883
903	3362
903	3496
903	2379
903	883
904	3362
904	3496
904	2379
905	4551
905	5377
905	3702
905	2620
906	1827
906	1657
906	1996
907	2216
907	6176
907	2129
907	6177
907	2946
908	155
908	1402
908	3018
909	2648
909	4818
909	2476
910	155
910	1402
910	3018
910	2648
911	4818
911	2476
912	1743
912	4259
912	2271
912	3940
912	4712
913	149
913	2126
914	4714
914	3615
915	5457
915	1888
916	2126
916	1888
916	3615
916	5457
916	6281
916	6282
916	4714
916	149
917	1725
917	3991
918	1414
918	1725
918	3991
919	739
919	64
920	373
920	1506
921	4602
921	4972
922	5623
922	5523
922	308
922	5488
923	308
923	5523
923	5623
924	1938
924	2089
925	4011
925	5607
925	5699
925	4855
926	2089
926	6271
927	6271
927	2089
927	4855
927	1938
927	5699
927	2843
927	5607
927	4011
928	3086
928	5842
928	3342
929	3340
929	657
929	2945
929	3930
929	6184
929	5660
930	6184
930	3930
931	3982
931	6239
931	5002
931	4861
931	3531
931	5940
931	3031
932	5940
932	3531
932	4861
932	6239
933	1095
933	6105
933	892
933	2167
933	5168
933	558
934	558
934	5168
934	2167
934	2098
934	892
934	5465
934	6105
934	1095
935	4905
935	3591
935	2026
936	3276
936	3198
936	5021
936	2054
937	5021
937	2054
938	4905
938	3591
939	3276
939	3198
939	2026
940	5293
940	4374
941	4014
941	5311
942	832
942	1413
943	832
943	4374
944	3560
944	3940
945	1227
945	5800
946	5497
946	4217
946	2320
947	5066
947	3058
947	3875
947	2567
947	871
947	5263
947	5194
947	4773
948	4773
948	5194
948	5263
949	2567
949	3058
950	3875
950	5066
951	871
951	2567
952	5667
952	1748
952	4143
952	5634
952	5898
952	2599
952	4220
952	5903
953	2599
953	5898
954	2821
954	4635
955	5256
955	92
956	5256
956	92
957	2386
957	3160
958	6376
958	1473
958	6375
958	5956
958	6374
959	2071
959	3970
959	1368
959	613
959	2226
959	6212
960	2226
960	1368
960	3970
961	5399
961	5772
961	2006
962	5399
962	5948
963	2644
963	1600
963	1864
964	1271
964	2707
965	200
965	2215
966	200
966	3827
966	2424
966	3359
967	2659
967	2774
967	1068
967	494
967	4395
967	5661
967	5404
967	1383
968	4395
968	494
968	1068
969	4041
969	4843
970	582
970	3333
970	1215
970	3711
971	3301
971	802
971	2040
972	4870
972	582
973	5204
973	3301
973	802
973	2040
974	3333
974	1215
974	3711
975	1014
975	766
975	3172
975	2534
975	5750
975	4978
975	1569
976	519
976	3765
977	3162
977	5702
978	2955
978	5489
979	3205
979	1883
979	3938
979	4816
979	5491
980	3205
980	3938
980	4816
980	5491
981	175
981	3760
982	3302
982	2933
983	4845
983	1368
983	1540
983	4859
983	2319
984	4776
984	4859
984	2319
985	4082
985	4516
985	2371
985	237
985	3295
986	3295
986	4082
987	237
987	2371
987	4516
988	1042
988	605
989	1042
989	5460
989	632
990	4109
990	925
990	632
991	5613
991	523
991	2632
991	4376
991	246
991	6268
992	5613
992	6268
993	523
993	4376
993	246
994	5071
994	2741
994	5034
995	4256
995	5174
996	5772
996	5474
996	5554
997	5772
997	267
997	5474
998	5483
998	5082
999	1977
999	5483
1000	790
1000	5082
1001	1506
1001	2355
1001	3994
1001	5873
1001	14
1001	3314
1001	2880
1001	4628
1002	4468
1002	2640
1002	2301
1002	1685
1002	2576
1002	5290
1003	5290
1003	2576
1003	1685
1003	2301
1003	2640
1004	4189
1004	4711
1005	1107
1005	5130
1006	5450
1006	5817
1006	3286
1006	1771
1006	5705
1007	3849
1007	1771
1008	1771
1008	5705
1009	5472
1009	5594
1009	5830
1009	2577
1009	2191
1009	2505
1010	853
1010	5412
1010	1433
1010	2915
1010	2376
1010	2861
1010	340
1011	2915
1011	1433
1011	5412
1012	1217
1012	2200
1013	3135
1013	2200
1013	741
1013	1217
1013	1545
1014	3222
1014	1247
1014	5230
1015	9
1015	3818
1015	5319
1016	5230
1016	1938
1016	1247
1016	4440
1016	5319
1016	3818
1016	9
1016	3222
1017	1836
1017	839
1017	4319
1018	5734
1018	4956
1019	2650
1019	6191
1020	6192
1020	6190
1021	5532
1021	5717
1021	1497
1021	921
1022	3180
1022	2763
1023	6175
1023	4528
1024	332
1024	3727
1024	668
1025	2668
1025	647
1025	483
1025	2630
1025	5923
1025	3623
1025	3843
1025	5328
1026	3623
1026	5923
1026	647
1027	5881
1027	2929
1027	1991
1027	176
1027	84
1028	1813
1028	1444
1029	4219
1029	1651
1029	3641
1030	4380
1030	328
1030	4063
1031	2283
1031	5824
1031	5405
1031	4
1032	6344
1032	6343
1032	6342
1033	4602
1033	1453
1033	5629
1033	5395
1033	4972
1033	2514
1033	73
1033	1599
1033	1993
1034	3002
1034	5996
1034	3111
1034	5994
1034	1194
1035	5996
1035	5994
1035	1194
1036	3002
1036	3111
1037	5717
1037	5607
1038	805
1038	5689
1038	2813
1038	4242
1039	2837
1039	1264
1039	4242
1039	2813
1039	5689
1039	3658
1039	2689
1039	72
1039	4354
1039	805
1040	1440
1040	3369
1040	5186
1040	1368
1040	781
1041	781
1041	1368
1041	4242
1041	5186
1041	1074
1041	3369
1041	405
1041	1440
1041	1945
1042	2522
1042	407
1043	2584
1043	5764
1044	2522
1044	5764
1045	1192
1045	2584
1046	3947
1046	5248
1046	6223
1046	2437
1046	3109
1046	587
1046	1979
1047	6223
1047	3947
1048	2462
1048	5756
1048	1348
1049	2462
1049	5756
1049	5774
1049	4619
1049	361
1049	1348
1050	4619
1050	1348
1051	108
1051	1797
1051	3501
1051	2222
1052	382
1052	289
1053	4588
1053	2222
1054	108
1054	3501
1055	2222
1055	3501
1055	4588
1055	289
1055	1797
1055	4123
1055	108
1055	382
1056	4243
1056	96
1057	3206
1057	2527
1057	5209
1057	2079
1058	1234
1058	5779
1058	5469
1059	2329
1059	1784
1060	4450
1060	5631
1061	5274
1061	3802
1061	3356
1061	790
1062	2947
1062	5657
1063	6310
1063	2169
1063	2314
1063	4936
1063	4558
1063	4228
1063	372
1063	4352
1063	4119
1064	1514
1064	3405
1065	1941
1065	172
1066	640
1066	6266
1066	1675
1066	5924
1066	172
1066	2443
1066	1776
1066	1941
1067	2443
1067	6266
1067	640
1068	5671
1068	4742
1068	2662
1068	4975
1068	1691
1069	3527
1069	698
1070	5619
1070	393
1070	5877
1071	1865
1071	939
1071	3394
1071	698
1071	4189
1071	3527
1071	5877
1071	393
1071	5619
1071	3165
1072	4322
1072	985
1073	6081
1073	2115
1073	1410
1074	6081
1074	6079
1074	3440
1075	2115
1075	1410
1076	6204
1076	2709
1077	6205
1077	4517
1077	6204
1077	2709
1078	339
1078	4896
1078	1350
1078	770
1078	4098
1079	1824
1079	5558
1080	4098
1080	5558
1080	770
1080	1824
1080	936
1080	1350
1080	4896
1080	339
1081	1002
1081	5270
1081	3186
1081	2135
1082	3186
1082	5270
1082	1002
1083	3186
1083	5270
1084	2135
1084	1002
1085	6373
1085	4334
1085	3891
1086	3118
1086	53
1086	6372
1086	3630
1086	4539
1087	285
1087	2619
1088	1637
1088	4507
1089	4507
1089	1637
1089	2585
1090	3989
1090	226
1091	5507
1091	2561
1091	5113
1092	3881
1092	5507
1092	2561
1092	4807
1092	5113
1093	5113
1093	4807
1093	1111
1093	4746
1093	226
1093	2561
1093	3989
1093	5507
1093	3881
1094	3989
1094	1111
1095	5683
1095	5517
1096	5128
1096	3492
1096	4328
1096	5410
1097	4826
1097	1397
1097	5149
1097	2077
1097	1287
1098	869
1098	5149
1098	2077
1099	1397
1099	1287
1100	4826
1100	1825
1101	4965
1101	2717
1102	2112
1102	3006
1103	5972
1103	5970
1104	5968
1104	5970
1104	5556
1104	5972
1105	4402
1105	4078
1105	2643
1105	1016
1105	323
1105	5846
1105	5247
1105	11
1106	11
1106	5247
1106	5846
1107	323
1107	1016
1107	2643
1107	4078
1107	4402
1108	3975
1108	3772
1109	4820
1109	5633
1109	4631
1109	4335
1109	3780
1110	1898
1110	226
1111	3825
1111	162
1112	6250
1112	3404
1112	1304
1112	3230
1113	658
1113	563
1114	6250
1114	3404
1114	563
1114	1304
1115	5954
1115	1805
1115	4891
1115	504
1116	5954
1116	4891
1117	945
1117	1183
1117	2227
1117	2741
1118	5667
1118	1756
1118	2981
1118	1368
1119	1756
1119	2981
1120	5667
1120	1756
1120	1368
1121	5667
1121	1368
1122	4910
1122	5237
1123	6358
1123	6357
1124	153
1124	5753
1124	5012
1124	2909
1125	2909
1125	5012
1125	5753
1125	2578
1125	1808
1125	5607
1125	153
1126	834
1126	5581
1127	2893
1127	5756
1127	4537
1127	5581
1127	2471
1127	834
1128	2104
1128	5746
1129	1189
1129	430
1129	4112
1129	5097
1129	5746
1129	2104
1130	2104
1130	5746
1130	5097
1130	4112
1130	1189
1131	547
1131	2913
1131	1926
1131	1072
1131	794
1131	1882
1131	2408
1132	794
1132	1072
1133	3769
1133	4840
1133	211
1134	5371
1134	6058
1134	768
1134	5257
1134	6059
1134	5385
1134	2922
1135	2856
1135	1294
1135	4171
1135	1051
1135	6172
1136	3954
1136	2646
1136	2490
1136	5344
1136	2626
1136	3082
1137	2646
1137	3954
1138	4511
1138	706
1139	5514
1139	3451
1140	990
1140	3195
1141	4013
1141	2279
1142	1008
1142	3870
1142	5703
1143	4430
1143	2829
1143	3439
1143	6257
1144	6257
1144	3439
1144	2829
1144	4430
1144	1118
1144	6258
1144	4064
1145	4568
1145	4369
1146	3719
1146	4568
1146	4369
1147	4808
1147	3457
1147	2862
1147	958
1147	5980
1148	1647
1148	3222
1148	726
1149	2111
1149	2848
1150	1647
1150	3222
1150	726
1151	4197
1151	6385
1151	1731
1151	6384
1151	6383
1151	4669
1151	6382
1151	4774
1151	2691
1152	1005
1152	3147
1152	675
1152	3343
1152	4271
1152	4906
1152	3978
1152	5418
1152	138
1153	2982
1153	3918
1153	1195
1153	971
1153	6269
1153	4569
1153	4457
1153	3411
1154	3411
1154	4457
1155	1255
1155	5240
1156	5446
1156	5208
1156	1801
1157	1801
1157	5446
1158	2996
1158	721
1159	5964
1159	721
1159	4862
1159	2996
1160	5479
1160	957
1160	4214
1160	5636
1161	4214
1161	957
1161	5479
1162	4001
1162	2957
1162	1716
1162	3016
1163	3016
1163	1716
1163	3384
1163	2957
1163	5072
1163	4001
1164	2871
1164	52
1164	6340
1164	829
1165	3884
1165	2940
1165	5394
1165	4810
1166	971
1166	1137
1166	5035
1167	4196
1167	4521
1167	5740
1167	5762
1167	5192
1168	1268
1168	5775
1169	4996
1169	412
1170	4996
1170	1848
1170	6029
1171	1342
1171	5109
1172	123
1172	3860
1173	1285
1173	3860
1173	2483
1173	123
1173	6129
1173	5642
1173	5109
1173	1342
1174	6193
1174	4132
1174	5812
1174	3749
1174	45
1174	5286
1175	4799
1175	3812
1175	6114
1175	2610
1175	6115
1175	4509
1175	6116
1175	4249
1176	4249
1176	4509
1176	2610
1176	6114
1176	3812
1176	4799
1177	1858
1177	1893
1178	3460
1178	5857
1179	5155
1179	5162
1180	3464
1180	4208
1181	4873
1181	1481
1181	4728
1181	1114
1182	5050
1182	1559
1182	3389
1182	5571
1183	244
1183	4978
1184	4978
1184	3975
1185	1491
1185	2554
1185	5579
1185	2080
1186	2720
1186	3325
1186	5674
1186	5188
1187	3813
1187	2180
1187	1506
1187	3404
1187	3959
1187	2052
1187	2097
1187	1449
1187	3053
1187	4358
1188	4358
1188	3053
1188	1449
1188	2097
1188	3959
1188	2180
1189	5190
1189	3130
1189	4998
1190	3699
1190	5509
1190	4998
1191	1103
1191	2690
1191	2467
1191	3423
1192	4024
1192	4789
1193	2906
1193	5962
1194	3896
1194	1826
1195	6198
1195	6200
1195	6202
1195	822
1195	275
1195	5773
1196	822
1196	6202
1196	6200
1197	4942
1197	3551
1197	1699
1198	4122
1198	4460
1199	234
1199	1634
1199	467
1199	846
1199	1
1199	4796
1200	1
1200	4796
1201	234
1201	846
1202	4801
1202	4498
1202	5571
1203	5273
1203	1470
1203	3023
1203	1398
1204	1660
1204	68
1204	3176
1204	1469
1204	4339
1204	354
1204	1513
1204	1578
1205	6214
1205	5631
1205	642
1205	2271
1205	5614
1205	4717
1206	3828
1206	5283
1207	4271
1207	868
1208	5377
1208	4428
1208	3660
1208	87
1208	4449
1209	87
1209	3660
1209	4428
1210	5711
1210	2144
1210	4687
1210	4229
1211	1024
1211	3847
1211	5275
1211	1943
1212	599
1212	796
1213	6103
1213	5466
1213	1917
1213	788
1213	4216
1213	796
1213	599
1213	2274
1214	1434
1214	2016
1214	1368
1215	5142
1215	698
1216	1575
1216	3533
1217	2749
1217	5680
1217	4418
1217	4621
1218	2749
1218	4418
1218	1644
1218	456
1219	3824
1219	456
1220	4711
1220	3980
1220	4756
1220	3672
1221	984
1221	2525
1221	2091
1221	332
1221	3727
1221	2561
1221	1566
1221	2934
1221	5313
1222	5313
1222	2561
1223	516
1223	2503
1224	3299
1224	5732
1225	516
1225	3266
1225	447
1225	2503
1226	3299
1226	5732
1226	118
1227	2965
1227	2254
1227	1296
1227	1842
1228	1583
1228	2675
1228	3255
1228	4868
1228	4875
1229	4875
1229	1842
1229	1296
1229	2254
1229	4868
1229	3255
1229	2965
1229	2675
1229	1583
1230	4291
1230	2616
1231	4291
1231	2616
1232	521
1232	5837
1233	6125
1233	4461
1233	2093
1234	6125
1234	5747
1235	332
1235	2561
1235	2525
1235	984
1235	668
1236	5417
1236	1707
1237	1589
1237	1178
1237	1809
1238	325
1238	1115
1239	6208
1239	6209
1239	2415
1239	1974
1239	6210
1239	6211
1240	310
1240	3027
1241	1714
1241	4407
1242	3752
1242	3044
1242	2963
1242	5592
1242	2097
1242	3842
1243	6072
1243	4319
1244	3752
1244	5592
1244	2097
1244	3842
1245	2917
1245	519
1245	2026
1246	3613
1246	2081
1246	4025
1246	533
1246	3370
1246	5738
1246	2026
1246	519
1246	2917
1247	3130
1247	4411
1248	4319
1248	815
1248	2866
1248	698
1248	2506
1248	4189
1249	3362
1249	2334
1250	2827
1250	1425
1250	1387
1250	3281
1250	281
1250	3308
1251	2494
1251	2284
1251	3036
1251	3609
1252	1467
1252	3458
1252	1408
1252	2065
1252	2352
1253	494
1253	5958
1254	2182
1254	4538
1254	5551
1255	2440
1255	737
1255	3970
1255	3599
1256	3970
1256	3599
1257	3039
1257	4974
1257	703
1257	1506
1258	1506
1258	703
1258	4974
1258	3039
1258	2531
1259	2040
1259	3776
1259	2636
1259	4105
1260	3776
1260	2636
1261	5267
1261	3822
1262	1469
1262	354
1262	4339
1262	4034
1262	68
1263	839
1263	3879
1263	3535
1263	4672
1264	6394
1264	6393
1264	6392
1264	3624
1265	4242
1265	4436
1266	3259
1266	4436
1266	3586
1266	4242
1266	3950
1266	779
1266	4191
1266	1270
1267	5059
1267	3297
1267	3081
1267	489
1268	1814
1268	2839
1268	4770
1268	3245
1268	435
1268	1807
1269	4501
1269	5005
1270	2839
1270	4770
1270	3245
1270	435
1270	1807
1271	1121
1271	4385
1271	4281
1271	1750
1272	6294
1272	3897
1272	5326
1272	1873
1272	4594
1272	160
1272	6295
1272	2792
1272	6298
1273	6298
1273	2792
1273	1873
1274	160
1274	4594
1274	5326
1275	2792
1275	1873
1276	6298
1276	160
1276	4594
1276	5326
1277	6144
1277	6145
1278	157
1278	923
1278	3941
1278	2745
1278	1851
1278	873
1278	3
1278	3079
1279	873
1279	1851
1279	2745
1279	923
1279	157
1280	2387
1280	3318
1280	1012
1281	5142
1281	5828
1281	58
1281	999
1281	5393
1281	4414
1282	5142
1282	5828
1282	58
1282	999
1282	5393
1282	4414
1283	2855
1283	4474
1284	2119
1284	3736
1284	1198
1284	5095
1285	3169
1285	3618
1285	901
1285	3584
1286	3584
1286	3618
1287	3584
1287	3618
1287	3169
1288	3743
1288	4625
1289	1530
1289	4625
1289	3755
1289	267
1289	3743
1290	1243
1290	273
1290	5679
1290	2636
1290	5500
1291	5357
1291	3282
1292	3202
1292	1987
1292	3518
1293	1848
1293	1587
1293	1738
1294	1848
1294	1587
1294	1777
1294	1738
1295	514
1295	662
1296	3972
1296	514
1296	662
1297	4088
1297	1338
1298	5904
1298	415
1299	536
1299	1338
1300	5933
1300	1333
1301	1333
1301	1882
1301	5933
1302	1334
1302	3917
1302	1911
1302	5304
1302	3711
1302	2821
1302	2495
1302	5729
1303	5314
1303	3853
1303	2796
1304	1656
1304	601
1304	2255
1304	1922
1304	2419
1304	2507
1304	5178
1305	1922
1305	1656
1306	1248
1306	1011
1307	4666
1307	2470
1307	2353
1307	4964
1307	2418
1307	3075
1308	2508
1308	1032
1308	1419
1308	3345
1308	2360
1308	903
1308	5001
1309	5184
1309	609
1310	2613
1310	3358
1311	3228
1311	3640
1312	3640
1312	2926
1312	3228
1312	1108
1312	1849
1313	3418
1313	5162
1314	4118
1314	4596
1315	451
1315	4925
1315	4118
1315	347
1315	3346
1315	1192
1315	4596
1315	5607
1316	4787
1316	3261
1316	1867
1316	5433
1316	2156
1316	749
1316	5742
1317	4787
1317	3261
1317	1867
1317	5433
1317	2156
1317	749
1317	5742
1318	2976
1318	3310
1318	4937
1319	227
1319	3557
1320	5560
1320	220
1320	787
1321	5560
1321	220
1321	787
1321	5156
1322	3718
1322	2493
1322	5669
1323	3120
1323	733
1324	5669
1324	2493
1324	3718
1324	733
1324	3135
1324	2504
1324	3120
1325	2606
1325	900
1325	2892
1325	2292
1325	5086
1325	488
1325	5907
1326	5907
1326	488
1326	2292
1326	900
1326	2606
1327	5086
1327	2892
1328	3419
1328	1479
1329	1535
1329	2205
1330	2046
1330	4073
1331	4073
1331	3338
1331	1520
1331	1418
1331	1730
1331	2046
1332	4371
1332	5310
1332	3529
1332	304
1332	1488
1333	4371
1333	3529
1333	1488
1334	5310
1334	304
1334	3339
1335	4056
1335	170
1336	1621
1336	4536
1337	1183
1337	3633
1337	324
1337	2929
1337	2528
1338	5271
1338	2847
1338	654
1338	1674
1339	1508
1339	4812
1339	2377
1339	3785
1340	3581
1340	614
1340	5823
1340	3388
1340	5218
1340	955
1341	1508
1341	4812
1341	3785
1342	1662
1342	4409
1342	529
1343	529
1343	4409
1343	1662
1343	715
1344	3948
1344	2477
1344	6151
1345	5213
1345	1048
1345	4053
1346	1048
1346	4053
1347	4475
1347	1048
1347	4053
1348	864
1348	3490
1348	1574
1349	1794
1349	4725
1349	560
1349	3437
1349	920
1350	1794
1350	4725
1350	920
1351	3437
1351	920
1352	1553
1352	890
1353	2359
1353	6167
1353	772
1354	3517
1354	2273
1355	772
1355	2273
1355	3517
1355	6167
1355	2359
1356	1695
1356	3752
1356	951
1357	1516
1357	5115
1357	6111
1357	5950
1358	1516
1358	5950
1359	3621
1359	4599
1359	103
1359	1404
1359	1488
1359	5549
1360	1404
1360	103
1360	4599
1361	2321
1361	710
1361	4832
1362	5799
1362	952
1363	3311
1363	130
1363	4832
1364	5307
1364	4024
1364	1371
1364	5657
1364	4730
1365	26
1365	3575
1366	1478
1366	888
1366	5477
1366	525
1367	1478
1367	888
1368	3983
1368	3423
1368	3602
1369	1889
1369	525
1370	3476
1370	5220
1370	471
1370	4738
1371	5729
1371	685
1372	4738
1372	1211
1373	5837
1373	5588
1374	2801
1374	2190
1375	4386
1375	1667
1376	859
1376	4768
1377	1696
1377	2807
1378	2423
1378	5492
1379	5236
1379	2223
1380	166
1380	355
1380	4866
1381	4664
1381	405
1381	4103
1382	2544
1382	5017
1382	3496
1383	5910
1383	2544
1383	5017
1384	2544
1384	5017
1385	3369
1385	934
1385	177
1386	934
1386	3369
1387	2487
1387	5786
1388	232
1388	1428
1389	5786
1389	1428
1389	2487
1389	232
1390	232
1390	2487
1390	5786
1391	4195
1391	5407
1391	333
1392	4195
1392	5407
1393	580
1393	5952
1394	2667
1394	580
1394	5952
1395	3252
1395	924
1396	843
1396	2208
1396	544
1396	4333
1397	1262
1397	3113
1397	3430
1398	843
1398	2208
1398	544
1398	4333
1399	1262
1399	3113
1399	3430
1399	4333
1400	2844
1400	4006
1400	564
1401	1519
1401	313
1402	1463
1402	2071
1403	6317
1403	2071
1404	1519
1404	313
1404	861
1404	1463
1405	4439
1405	1154
1406	5353
1406	1982
1406	1153
1406	2152
1406	5386
1406	939
1406	1276
1406	4910
1406	1222
1406	5415
1407	5415
1407	939
1408	1222
1408	2152
1409	1982
1409	5353
1410	1276
1410	1153
1411	1369
1411	23
1411	1480
1412	1799
1412	1090
1413	2625
1413	1090
1413	1799
1413	104
1414	2133
1414	5872
1414	2174
1414	881
1414	2624
1415	3496
1415	2624
1415	881
1415	2174
1415	5872
1415	2133
1416	6328
1416	1239
1416	1771
1416	1680
1416	3428
1416	24
1416	2970
1416	5080
1416	1324
1416	2136
1417	4793
1417	3139
1417	1690
1418	1590
1418	4345
1418	3417
1419	1378
1419	2158
1420	5802
1420	2395
1420	4387
1420	2158
1420	1531
1420	4807
1420	5844
1420	5921
1420	1378
1421	641
1421	4956
1422	174
1422	2760
1422	2866
1422	1838
1423	174
1423	2760
1423	2866
1423	1838
1424	954
1424	4280
1424	2785
1424	1540
1424	5837
1424	4949
1424	4135
1424	2282
1425	2282
1425	1540
1425	2785
1425	4280
1425	954
1426	4135
1426	4949
1426	5837
1427	5281
1427	1097
1427	3042
1428	310
1428	2685
1428	5281
1428	3042
1429	3247
1429	5263
1429	5029
1430	5416
1430	4395
1430	5851
1431	3868
1431	4319
1431	4664
1431	1906
1431	5729
1431	4436
1431	1963
1431	698
1432	4436
1432	5729
1432	1906
1432	4319
1432	3868
1433	1927
1433	4945
1433	2336
1433	5806
1434	1552
1434	4945
1434	2336
1434	5806
1435	192
1435	6158
1435	6156
1436	6158
1436	6156
1436	2890
1437	1529
1437	5535
1437	4381
1437	1753
1437	1162
1437	4500
1437	4934
1437	77
1438	5098
1438	1446
1439	3943
1439	2738
1440	357
1440	1676
1440	2389
1440	900
1441	2389
1441	1938
1442	3682
1442	2961
1442	1151
1443	3581
1443	4284
1444	3682
1444	2961
1444	1151
1445	3682
1445	3581
1445	2961
1445	4284
1445	1151
1446	1151
1446	4284
1446	2961
1446	3581
1446	3682
1447	2469
1447	5571
1448	2782
1448	3454
1449	4635
1449	3160
1449	3454
1449	2600
1450	4635
1450	3160
1450	3454
1451	3328
1451	1669
1451	4794
1451	4550
1451	4784
1452	4784
1452	4550
1452	1669
1452	3328
1453	1968
1453	2238
1454	2150
1454	4101
1454	476
1454	2238
1454	1968
1455	5048
1455	2430
1456	2430
1456	5048
1456	1977
1456	5839
1457	1316
1457	1463
1458	2594
1458	419
1459	1080
1459	268
1459	1327
1459	4136
1460	2250
1460	4972
1460	4602
1461	1542
1461	5837
1461	2722
1461	5089
1461	5040
1461	5333
1462	2722
1462	5837
1463	5475
1463	1426
1463	2869
1463	4469
1463	2666
1463	2881
1464	1161
1464	1143
1465	6391
1465	1161
1465	1143
1465	1697
1465	1843
1465	1109
1465	131
1465	6390
1465	4168
1466	2008
1466	110
1466	2661
1466	6179
1466	1579
1467	6179
1467	2661
1467	110
1467	2008
1468	1368
1468	806
1468	2814
1469	2553
1469	3427
1470	2187
1470	1395
1470	4378
1470	2618
1470	4804
1470	799
1471	2187
1471	1395
1471	4378
1471	2618
1471	4804
1471	799
1472	799
1472	4804
1472	1395
1472	2187
1473	2830
1473	488
1474	2357
1474	5886
1475	4520
1475	5382
1475	3068
1475	3740
1476	4520
1476	5382
1476	3068
1476	3740
1476	1023
1476	3322
1476	1385
1477	1385
1477	3322
1477	1023
1477	3740
1477	3068
1477	5382
1477	4520
1477	2574
1478	944
1478	298
1478	1380
1478	4499
1479	5638
1479	3352
1479	5023
1479	4681
1479	5648
1479	766
1480	5023
1480	4681
1480	3459
1481	5638
1481	3352
1481	5484
1482	3092
1482	3363
1482	472
1482	1720
1482	2262
1482	2904
1482	3474
1482	3716
1482	5042
1482	1633
1483	1281
1483	2813
1483	4438
1483	2489
1484	1383
1484	2489
1484	4438
1484	2813
1484	1281
1485	4299
1485	1219
1485	1766
1485	5975
1486	5975
1486	1766
1487	5975
1487	1219
1487	4299
1488	5115
1488	2532
1489	4983
1489	2895
1490	5160
1490	4200
1490	4797
1490	5621
1491	3685
1491	5147
1492	3502
1492	5147
1492	3685
1493	2004
1493	506
1494	2755
1494	3203
1495	4272
1495	3835
1495	3341
1496	2755
1496	506
1496	3106
1497	5879
1497	3109
1497	4252
1497	1695
1498	5879
1498	1741
1498	1695
1498	3858
1499	6182
1499	4267
1499	418
1499	5054
1500	4267
1500	5054
1501	6182
1501	4267
1501	5054
1502	4823
1502	1056
1503	6087
1503	6085
1504	6085
1504	5254
1504	1056
1504	4823
1504	3357
1504	146
1504	6087
1504	4303
1505	2031
1505	3759
1506	369
1506	438
1507	5064
1507	999
1507	5298
1507	638
1507	4319
1507	4498
1507	459
1507	1906
1508	1906
1508	459
1508	4498
1508	4319
1508	638
1508	5298
1508	387
1508	999
1508	5064
1509	813
1509	5607
1509	5717
1509	2460
1510	816
1510	4058
1511	5768
1511	5710
1511	5729
1511	1206
1511	3252
1511	3663
1512	846
1512	3225
1512	3160
1512	3384
1512	5542
1512	2259
1512	2877
1513	3934
1513	2529
1514	3572
1514	1853
1514	6349
1514	991
1515	4319
1515	902
1515	1116
1515	839
1515	4455
1516	2752
1516	1617
1516	5272
1516	1792
1517	4947
1517	858
1517	94
1517	5319
1517	4789
1517	4852
1518	4884
1518	2355
1519	800
1519	5682
1519	3802
1520	2192
1520	5048
1521	4553
1521	877
1521	3160
1521	2271
1521	4935
1522	6173
1522	1951
1522	1400
1523	4002
1523	1400
1524	5495
1524	3208
1524	3187
1525	1096
1525	4832
1526	4492
1526	775
1526	615
1526	4891
1527	3444
1527	6276
1527	4882
1528	3851
1528	128
1528	465
1529	3540
1529	465
1529	128
1529	4882
1529	6276
1529	121
1529	3851
1529	3444
1530	128
1530	465
1531	4839
1531	4779
1531	2876
1531	3896
1531	1137
1531	3539
1531	913
1531	5155
1531	1771
1532	913
1532	1137
1532	3896
1532	2876
1533	920
1533	3577
1533	2858
1534	920
1534	3577
1534	2979
1534	2858
1535	6240
1535	707
1535	2140
1535	839
1535	5064
1536	5212
1536	5060
1537	5076
1537	291
1537	2821
1537	5571
1537	2925
1537	5298
1538	5031
1538	316
1539	316
1539	2851
1539	5298
1539	2925
1539	5031
1539	5571
1539	2821
1539	291
1539	5076
1540	4637
1540	1302
1540	2350
1540	316
1540	5748
1541	2361
1541	782
1542	1719
1542	1963
1543	2836
1543	3933
1543	4428
1543	2441
1543	5578
1544	554
1544	2638
1544	5672
1545	389
1545	2141
1546	4564
1546	2382
1546	624
1546	3818
1546	272
1546	2539
1546	417
1546	1158
1547	1158
1547	417
1547	2539
1547	272
1548	3818
1548	624
1548	2382
1548	4564
1549	1158
1549	2539
1549	624
1550	2407
1550	5500
1551	2297
1551	2407
1551	5500
1552	5435
1552	2232
1552	3571
1553	3571
1553	2232
1553	3732
1553	548
1553	5435
1554	2780
1554	213
1554	3527
1554	4232
1555	1031
1555	4232
1555	3527
1555	213
1555	1222
1555	2780
1556	2780
1556	4232
1557	2305
1557	3646
1557	1123
1558	3333
1558	4767
1559	5025
1559	4190
1560	971
1560	1870
1561	4044
1561	5180
1562	214
1562	3586
1563	3539
1563	4821
1563	766
1564	4044
1564	3539
1564	4254
1565	6307
1565	6306
1565	6305
1565	6304
1565	6303
1565	6302
1565	6301
1566	884
1566	3214
1566	1840
1566	4400
1566	1602
1567	2033
1567	4330
1568	600
1568	586
1568	3320
1569	3320
1569	586
1570	6350
1570	1408
1571	1045
1571	3489
1571	2943
1572	4116
1572	1045
1572	3489
1573	5117
1573	5888
1573	5223
1574	4127
1574	6370
1575	1861
1575	4989
1575	5265
1575	5292
1575	4833
1575	1173
1576	3333
1576	2328
1576	1963
1577	4597
1577	1554
1578	2
1578	5281
1578	4608
1578	3729
1579	647
1579	5054
1580	4212
1580	4644
1581	6143
1581	1316
1582	5732
1582	4020
1583	2238
1583	4095
1583	3831
1584	1316
1584	5640
1585	5033
1585	3758
1585	616
1586	4158
1586	5699
1587	4931
1587	2550
1588	4931
1588	2550
1588	1900
1589	3804
1589	2290
1590	1313
1590	3804
1590	2290
1591	4834
1591	326
1592	4372
1592	730
1593	6348
1593	5239
1594	6347
1594	6346
1595	2074
1595	2201
1596	255
1596	2026
1596	4492
1597	4492
1597	3222
1597	1667
1597	2026
1597	3613
1597	255
1597	427
1597	3765
1598	3765
1598	427
1598	255
1598	3613
1598	2026
1598	1667
1598	4492
1599	6232
1599	6231
1600	409
1600	3235
1601	5911
1601	3235
1601	409
1601	1919
1602	6329
1602	6330
1602	6331
1602	5083
1602	3689
1602	6332
1602	6333
1602	6334
1602	6335
1602	6336
1603	1329
1603	700
1603	5145
1603	5706
1603	5183
1603	2241
1603	3124
1603	446
1603	4261
1604	4261
1604	3124
1604	1329
1605	446
1605	2241
1605	5183
1606	719
1606	1506
1607	4036
1607	5446
1608	5446
1608	3178
1608	4036
1608	1472
1608	1300
1608	1506
1608	719
1608	1131
1609	4611
1609	4716
1609	118
1610	3421
1610	683
1611	118
1611	306
1611	112
1611	4716
1611	683
1611	4611
1611	4286
1611	3421
1612	185
1612	5938
1612	4533
1612	387
1612	3605
1612	3563
1613	5938
1613	185
1614	2866
1614	4319
1614	3711
1614	3800
1615	1946
1615	5247
1616	4590
1616	2150
1616	2029
1616	2513
1617	2150
1617	2029
1618	2029
1618	3994
1619	2150
1619	1172
1619	3994
1620	5867
1620	3687
1621	575
1621	276
1622	3667
1622	1549
1622	3011
1623	2976
1623	5524
1624	3489
1624	2548
1624	2428
1624	2342
1624	5068
1625	3489
1625	2342
1626	2548
1626	2428
1627	3489
1627	2548
1627	2428
1627	2342
1628	2277
1628	3790
1629	4577
1629	2277
1629	5988
1629	4968
1630	4968
1630	5988
1630	3790
1630	2277
1630	4577
1631	2454
1631	4542
1632	3033
1632	5468
1632	424
1633	424
1633	4542
1633	2454
1633	5468
1633	3033
1634	6057
1634	5885
1634	6055
1635	6057
1635	5885
1636	2121
1636	2889
1636	4575
1637	2420
1637	6237
1637	95
1637	4575
1637	2889
1637	2121
1637	612
1638	3758
1638	2122
1638	2364
1638	719
1638	1146
1638	4938
1638	584
1638	1836
1638	3217
1638	4189
1639	5849
1639	1290
1639	5485
1640	1290
1640	1510
1641	980
1641	3682
1642	980
1642	4038
1643	1759
1643	3682
1643	4038
1643	3671
1643	980
1644	967
1644	6314
1644	2735
1644	3391
1644	2652
1644	3009
1644	3285
1644	206
1644	2325
1645	3009
1645	2652
1645	3391
1645	2735
1645	6314
1645	967
1646	3915
1646	5003
1647	2254
1647	410
1647	4671
1647	1852
1647	5913
1648	3407
1648	5607
1649	2597
1649	2769
1650	4223
1650	4711
1650	5729
1650	5036
1650	2922
1651	3731
1651	3051
1652	2049
1652	750
1653	4711
1653	5064
1653	2328
1653	4189
1653	1963
1653	876
1653	5142
1654	3026
1654	222
1655	222
1655	3026
1655	4844
1656	4778
1656	2725
1656	3505
1656	4972
1657	1764
1657	5211
1657	1306
1657	4876
1658	1306
1658	5211
1658	1764
1659	3089
1659	5641
1660	1095
1660	3106
1661	3433
1661	2803
1662	480
1662	629
1663	1277
1663	3638
1663	1836
1664	5639
1664	3148
1664	766
1665	4422
1665	2967
1666	2967
1666	2184
1666	3384
1666	4422
1666	2724
1666	4169
1666	5110
1666	3785
1667	6356
1667	4406
1668	2906
1668	1144
1668	1081
1668	4273
1669	3101
1669	248
1669	5172
1669	4694
1669	5087
1670	3101
1670	578
1670	4694
1670	2254
1670	3820
1671	5181
1671	711
1671	965
1671	2194
1671	1368
1672	2194
1672	965
1673	5729
1673	3160
1673	2445
1673	3887
1673	3029
1673	4189
1673	6309
1673	1010
1673	1155
1674	1010
1674	6309
1674	3887
1675	4189
1675	5729
1676	3029
1676	2445
1677	1687
1677	666
1678	572
1678	4887
1678	812
1678	4741
1679	1687
1679	666
1679	572
1679	5798
1679	4887
1679	812
1679	4741
1680	572
1680	5798
1680	4887
1680	812
1680	4741
1681	6292
1681	6289
1681	2656
1681	6287
1681	4076
1681	3074
1682	3074
1682	4076
1682	5174
1682	6287
1682	2656
1682	1368
1682	6289
1682	6292
1683	6292
1683	6287
1683	4076
1683	3074
1684	5856
1684	1372
1685	4329
1685	3914
1686	1906
1686	3233
1686	5100
1686	3868
1686	3527
1686	4211
1686	211
1686	1705
1687	1906
1687	3233
1687	5100
1687	3868
1687	3527
1687	4211
1687	211
1687	1705
1688	2606
1688	1640
1688	4385
1689	3541
1689	3384
1690	1640
1690	4385
1691	406
1691	3273
1691	1640
1691	4385
1691	3384
1692	2606
1692	3770
1693	5941
1693	1265
1694	4846
1694	4319
1695	4765
1695	2437
1695	3796
1696	3274
1696	3201
1697	470
1697	3591
1697	3004
1698	1643
1698	3137
1698	3642
1698	3652
1698	949
1698	2064
1699	595
1699	4291
1699	4048
1699	5938
1700	4291
1700	4048
1701	4015
1701	1104
1702	2296
1702	2482
1702	3956
1702	4901
1702	4744
1702	4473
1702	2203
1703	2203
1703	4473
1703	4901
1703	2296
1704	4391
1704	4790
1705	5196
1705	3473
1705	267
1705	4646
1705	1506
1706	2154
1706	5196
1706	3473
1706	4646
1707	6323
1707	5250
1707	6320
1708	6323
1708	5250
1708	6320
1709	3393
1709	1442
1709	5058
1709	5391
1710	3393
1710	6323
1710	1442
1710	3226
1710	6318
1711	5058
1711	5391
1712	3795
1712	6312
1712	5365
1712	5858
1712	1435
1712	5915
1712	2827
1712	5550
1712	5159
1713	5159
1713	2827
1713	5915
1713	5365
1713	6312
1713	3795
1714	2026
1714	3593
1714	1608
1714	1890
1715	2026
1715	3593
1715	1608
1716	1252
1716	2048
1716	5366
1717	1252
1717	3800
1718	2900
1718	4679
1718	5795
1718	5363
1718	680
1718	1610
1718	1320
1718	5347
1719	1320
1719	1610
1719	680
1719	5363
1719	5795
1719	4679
1719	2900
1720	680
1720	4679
1720	2900
1721	1320
1721	680
1721	5363
1721	5795
1721	4679
1721	2900
1722	3999
1722	1422
1723	3046
1723	608
1724	5927
1724	2571
1724	279
1724	1086
1724	608
1724	3046
1724	4914
1724	3848
1725	1086
1725	279
1726	3497
1726	5938
1726	652
1726	3356
1726	2792
1726	698
1726	4189
1727	4189
1727	698
1728	3356
1728	652
1728	5938
1729	856
1729	4301
1729	2697
1729	1079
1729	2978
1729	3409
1730	3409
1730	2978
1730	1079
1730	2697
1730	4301
1731	595
1731	636
1732	3965
1732	446
1733	595
1733	1545
1734	5170
1734	3965
1734	446
1735	1984
1735	1545
1735	636
1735	446
1735	3965
1735	4446
1735	2383
1735	5170
1735	595
1736	4723
1736	3278
1737	3404
1737	4202
1737	630
1737	1925
1737	3441
1737	5816
1737	4891
1737	3278
1737	4723
1738	976
1738	5514
1738	4234
1739	976
1739	5514
1740	976
1740	4234
1741	2222
1741	5670
1742	1056
1742	1239
1742	3906
1742	2348
1742	4827
1742	3714
1743	3714
1743	1056
1744	3906
1744	1239
1745	1037
1745	1313
1746	4675
1746	5253
1747	5010
1747	4675
1747	5253
1748	5253
1748	4675
1748	5010
1749	6152
1749	5316
1749	1415
1749	4151
1750	4162
1750	3094
1750	320
1750	1939
1750	3657
1750	4584
1751	320
1751	3094
1751	4162
1752	5107
1752	4641
1753	5610
1753	1140
1753	971
1754	6020
1754	6021
1754	6023
1754	70
1754	6024
1754	6026
1754	4535
1755	4535
1755	70
1756	6026
1756	6023
1757	4252
1757	5523
1757	2552
1758	359
1758	2433
1758	2131
1758	5979
1758	1230
1759	1230
1759	2131
1759	2433
1759	359
1760	1416
1760	2195
1760	3337
1760	5944
1760	4826
1760	1581
1761	1581
1761	963
1762	3800
1762	4366
1762	1705
1763	3800
1763	1705
1764	5943
1764	3554
1764	1068
1764	2464
1764	115
1765	5943
1765	3554
1765	1068
1765	2464
1765	115
1766	6168
1766	551
1767	1747
1767	2679
1768	738
1768	1747
1769	347
1769	4731
1769	5607
1769	5635
1769	1915
1770	3745
1770	5966
1771	5966
1771	1052
1771	5967
1771	3745
1772	1913
1772	4711
1772	591
1773	5526
1773	5574
1773	5691
1774	5691
1774	5526
1775	1709
1775	388
1776	1660
1776	4034
1776	3176
1776	1513
1776	68
1776	354
1776	4339
1776	1578
1777	1578
1777	4339
1777	354
1777	68
1777	1513
1777	3176
1777	4034
1777	1660
1777	3627
1778	3013
1778	650
1778	1025
1779	6206
1779	4957
1779	46
1780	166
1780	3003
1781	2261
1781	3352
1781	3160
1781	3207
1782	4780
1782	3352
1783	4883
1783	3482
