0	4711
0	5729
1	3868
1	1963
2	4019
2	1087
2	1277
2	3638
2	1836
3	3407
3	5607
4	494
4	5958
5	4439
5	1154
6	1223
6	318
7	3915
7	5003
8	2329
8	1784
9	1726
9	368
10	3731
10	3051
10	971
10	1137
10	5035
10	4196
10	4521
10	5740
10	5762
10	5192
11	5189
11	617
12	739
12	64
13	5458
13	1421
14	4965
14	2717
15	2693
15	4897
16	860
16	137
17	5357
17	3282
18	5959
18	1916
19	5717
19	5607
20	1709
20	388
21	285
21	2619
22	913
22	857
23	2597
23	2769
24	3896
24	1826
25	1037
25	1313
26	3333
26	4767
27	4271
27	868
28	2594
28	419
29	521
29	5837
30	190
30	535
31	5941
31	1265
32	807
32	1648
33	3252
33	924
34	1137
34	1077
35	166
35	3003
36	1267
36	4752
37	1664
37	5909
38	6144
38	6145
39	3607
39	5645
40	3130
40	4411
41	1565
41	5866
42	1248
42	1011
43	1313
43	4664
44	5050
44	1627
45	5129
45	5837
46	4264
46	4899
47	6146
47	2719
48	683
48	5520
49	3685
49	5147
49	3502
49	5147
49	3685
50	3464
50	4208
50	3984
51	1590
51	4345
51	3417
52	3086
52	5842
52	3342
53	863
53	3901
53	3901
53	5960
53	863
54	864
54	3490
54	1574
55	3369
55	934
55	177
55	934
55	3369
56	166
56	355
56	4866
57	1719
57	1963
58	2654
58	3767
58	5101
58	3767
58	2654
59	5677
59	164
59	6148
59	6148
59	164
60	1603
60	1561
60	6149
61	3620
61	4400
61	4096
62	5574
62	1673
62	3470
62	3470
62	1673
63	2249
63	4956
63	1413
63	1413
63	2249
64	1322
64	5590
64	5590
64	3450
64	1322
65	4793
65	3139
65	1690
66	2387
66	3318
66	1012
67	4621
67	5175
67	2085
68	1913
68	4711
68	591
69	1723
69	4388
69	4749
70	2887
70	5008
70	6150
71	1368
71	806
71	2814
72	5446
72	5208
72	1801
72	1801
72	5446
73	470
73	3591
73	3004
74	2774
74	4259
74	3574
74	3574
74	2774
75	5526
75	5574
75	5691
75	5691
75	5526
76	336
76	4507
76	4507
76	336
76	865
77	2286
77	567
77	2751
77	567
77	2286
78	3667
78	1549
78	3011
79	1060
79	1288
79	2938
80	4511
80	706
81	2794
81	1112
81	584
82	559
82	4320
82	5219
83	2059
83	1836
83	1836
83	698
83	2059
84	4243
84	96
85	5088
85	2047
86	4846
86	4319
87	5377
87	3365
87	3365
87	5377
87	4045
88	5168
88	5504
88	2302
88	5504
88	5168
89	2057
89	2015
89	4629
89	2015
89	2057
90	4581
90	3696
90	3696
90	479
90	4581
91	3163
91	2718
91	1546
91	1575
91	3533
91	5972
91	5970
91	5968
91	5970
91	5556
91	5972
91	198
91	4743
91	4244
91	2572
91	4829
91	2770
91	6354
91	147
91	6355
91	5409
92	3948
92	2477
92	6151
93	244
93	4978
93	4978
93	3975
94	5336
94	4274
95	2312
95	3779
96	3026
96	222
96	222
96	3026
96	4844
97	2922
97	4557
98	3828
98	5283
99	4664
99	3913
100	990
100	849
100	4956
100	4956
100	849
101	709
101	5038
101	5038
101	709
101	5486
102	3769
102	4840
102	211
103	4380
103	328
103	4063
104	1637
104	4507
104	4507
104	1637
104	2585
104	3934
104	2529
105	4922
105	3666
105	220
106	5291
106	6341
107	971
107	1870
108	1856
108	3943
108	1274
109	2520
109	3127
109	5621
110	600
110	586
110	3320
110	3320
110	586
111	1963
111	5571
112	4819
112	3868
112	698
113	4664
113	2279
114	4351
114	2009
115	5610
115	1140
115	971
116	2991
116	5961
116	2663
117	58
117	2649
117	908
118	2972
118	2753
118	4189
119	1369
119	23
119	1480
120	332
120	3727
120	668
121	4675
121	5253
121	5010
121	4675
121	5253
121	5253
121	4675
121	5010
121	2339
121	4458
121	1013
121	2339
121	1228
121	1523
121	5299
122	514
122	662
122	3972
122	514
122	662
123	2182
123	4538
123	5551
124	1924
124	1282
124	267
124	267
124	1924
125	4942
125	3551
125	1699
126	5611
126	5187
126	5880
127	3795
127	1095
127	5198
127	5198
127	3795
128	2637
128	1151
128	2349
129	2165
129	4728
130	4625
130	514
131	3202
131	1987
131	3518
132	4252
132	4754
132	3118
133	5933
133	1333
133	1333
133	1882
133	5933
134	2033
134	2422
135	3213
135	4175
135	540
135	540
135	4175
136	4585
136	5241
137	3191
137	1947
138	6344
138	6343
138	6342
139	2412
139	2869
139	4918
139	2869
139	2412
140	3999
140	1422
141	5532
141	5717
141	1497
141	921
142	1008
142	3870
142	5703
143	5711
143	2144
143	4687
143	4229
144	2699
144	4455
144	2672
144	999
144	4455
144	999
144	2672
144	2699
145	2368
145	2211
145	2211
145	2602
145	550
145	2368
146	6152
146	5316
146	1415
146	4151
147	3594
147	3716
147	2669
148	2990
148	5359
149	1370
149	541
149	6345
150	5780
150	1043
151	5849
151	1290
151	5485
151	1290
151	1510
152	4269
152	874
152	2872
152	4988
153	252
153	5217
153	4142
153	1488
153	4142
153	5217
153	252
154	1938
154	2622
154	2622
154	5283
154	3098
154	1938
155	976
155	5514
155	4234
155	976
155	5514
155	976
155	4234
156	1884
156	6153
156	5912
156	6154
157	2830
157	488
157	2357
157	5886
158	5213
158	1048
158	4053
158	1048
158	4053
158	4475
158	1048
158	4053
159	5803
159	1381
160	4024
160	4789
160	2906
160	5962
161	1885
161	1234
161	1117
161	4268
162	5160
162	4200
162	4797
162	5621
163	5048
163	2430
163	2430
163	5048
163	1977
163	5839
164	3313
164	383
165	2288
165	2571
165	4406
165	5000
165	4406
165	2571
166	1920
166	4760
166	3280
166	5341
166	5341
166	3280
167	2283
167	5824
167	5405
167	4
168	192
168	6158
168	6156
168	6158
168	6156
168	2890
169	2050
169	5226
169	2051
169	5413
170	2580
170	1663
170	2093
170	5530
170	5530
170	2580
171	211
171	5360
172	1252
172	2048
172	5366
172	1252
172	3800
172	226
172	5843
172	3225
172	494
172	6034
172	5798
172	4687
173	3418
173	5162
174	1002
174	5270
174	3186
174	2135
174	3186
174	5270
174	1002
174	3186
174	5270
174	2135
174	1002
175	321
175	4851
175	4058
175	501
176	425
176	5963
176	2795
176	5401
177	580
177	5952
177	2667
177	580
177	5952
177	5307
177	4024
177	1371
177	5657
177	4730
177	26
177	3575
178	4362
178	4664
178	4664
178	71
178	4362
178	6159
179	920
179	2113
179	5019
179	920
179	5019
180	2112
180	3006
181	3047
181	2879
181	3190
181	2040
181	3190
181	2879
182	2925
182	5543
182	4711
182	2732
183	3694
183	5346
183	4924
183	3694
183	5346
183	3020
183	4924
184	2832
184	4294
185	1553
185	890
186	5351
186	189
186	201
186	5351
186	189
187	6160
187	6161
187	3903
187	3871
188	3884
188	2940
188	5394
188	4810
189	2996
189	721
189	5964
189	721
189	4862
189	2996
190	1316
190	5640
191	5483
191	5082
191	1977
191	5483
191	790
191	5082
192	1391
192	2685
192	4579
192	784
192	4579
192	1391
192	784
192	2685
193	2760
193	4005
194	5271
194	2847
194	654
194	1674
195	5098
195	1446
196	3556
196	2299
196	4477
196	1592
196	1592
196	2299
196	4477
196	3556
197	2553
197	3427
198	4778
198	2725
198	3505
198	4972
199	4963
199	3686
200	3857
200	5429
200	643
200	3857
200	5429
201	2834
201	1986
201	897
201	3246
201	897
201	1986
201	2834
202	5059
202	3297
202	3081
202	489
203	3109
203	5823
203	2061
203	4249
203	4249
203	2061
203	5823
204	6348
204	5239
204	6347
204	6346
205	1080
205	268
205	1327
205	4136
206	3912
206	4999
207	5514
207	3451
207	990
207	3195
208	1799
208	1090
208	2625
208	1090
208	1799
208	104
209	4781
209	6162
210	1858
210	1893
211	3645
211	3266
211	5532
211	5607
211	5607
211	3266
212	3745
212	5966
212	5966
212	1052
212	5967
212	3745
213	3572
213	1853
213	6349
213	991
214	3169
214	3618
214	901
214	3584
214	3584
214	3618
214	3584
214	3618
214	3169
215	174
215	2760
215	2866
215	1838
215	174
215	2760
215	2866
215	1838
216	1725
216	3991
216	1414
216	1725
216	3991
217	1540
217	4063
217	5588
217	5203
218	1662
218	4409
218	529
218	529
218	4409
218	1662
218	715
219	1764
219	5211
219	1306
219	4876
219	1306
219	5211
219	1764
220	3831
220	3636
220	3631
220	4625
221	2797
221	4525
221	5116
221	4857
222	1990
222	1950
222	267
222	1950
222	42
222	1990
223	5933
223	825
224	5584
224	1682
224	5584
224	5717
224	5717
224	1682
224	5584
224	482
225	3022
225	1963
225	4956
225	3938
225	1963
225	3022
226	6350
226	1408
227	4834
227	326
227	4372
227	730
227	2902
227	1562
227	6112
228	1420
228	5673
229	3510
229	5029
229	2117
229	2951
230	944
230	298
230	1380
230	4499
231	4126
231	2896
232	5479
232	957
232	4214
232	5636
232	4214
232	957
232	5479
233	23
233	4800
233	3722
233	1205
233	1205
233	3722
233	23
234	5231
234	3138
234	5214
234	5907
235	4299
235	1219
235	1766
235	5975
235	5975
235	1766
235	5975
235	1219
235	4299
236	3135
236	3861
236	3135
236	5818
237	4390
237	4983
237	2074
237	4586
238	409
238	3235
238	5911
238	3235
238	409
238	1919
239	1893
239	5476
239	4139
239	2540
240	2074
240	2201
241	839
241	3879
241	3535
241	4672
242	2817
242	556
242	5305
242	397
242	397
242	556
243	4195
243	5407
243	333
243	4195
243	5407
244	2750
244	496
244	634
244	4172
245	5855
245	2593
245	2004
245	2593
245	5855
245	2005
245	2593
245	2004
246	3353
246	4144
247	2974
247	5423
247	3126
247	5302
247	3126
247	5423
247	2974
248	2494
248	2284
248	3036
248	3609
249	3734
249	6163
249	6164
249	6165
250	5623
250	5523
250	308
250	5488
250	308
250	5523
250	5623
251	4252
251	5523
251	2552
252	4219
252	1651
252	3641
253	2487
253	5786
253	232
253	1428
253	5786
253	1428
253	2487
253	232
253	232
253	2487
253	5786
254	5050
254	1559
254	3389
254	5571
255	3464
255	4208
256	5978
256	5976
256	5757
256	5978
256	4353
257	1514
257	3405
258	2258
258	5869
258	648
258	279
258	2258
258	5869
259	2359
259	6167
259	772
259	3517
259	2273
259	772
259	2273
259	3517
259	6167
259	2359
260	6168
260	551
260	1747
260	2679
260	738
260	1747
261	4189
261	1836
262	5419
262	1141
262	1601
262	3552
263	5094
263	204
263	1795
263	5593
263	2723
264	2513
264	1030
264	1030
264	5247
264	3837
264	2513
264	4449
264	5247
264	1030
264	4449
264	3837
264	5247
265	544
265	4711
265	2348
265	999
265	4856
265	999
265	4711
266	1683
266	7
266	267
266	2944
266	248
267	1743
267	4259
267	2271
267	3940
267	4712
268	5948
268	4607
268	2139
268	5339
268	2205
268	2139
268	4607
268	5948
269	5918
269	3665
269	5425
269	2777
269	391
269	5918
269	5425
269	3665
269	2777
269	391
270	4019
270	1313
270	4664
270	5142
270	4664
270	4468
271	5181
271	711
271	965
271	2194
271	1368
271	2194
271	965
272	1696
272	2807
273	3800
273	4366
273	1705
273	3800
273	1705
274	4362
274	4993
274	38
274	6170
274	6170
274	38
274	4993
274	4362
274	6171
275	5115
275	2532
275	4983
275	2895
276	1181
276	461
276	3778
276	3384
276	461
276	1181
276	698
276	3384
276	3778
277	4883
277	3482
278	359
278	2433
278	2131
278	5979
278	1230
278	1230
278	2131
278	2433
278	359
278	2856
278	1294
278	4171
278	1051
278	6172
279	2544
279	5017
279	3496
279	5910
279	2544
279	5017
279	2544
279	5017
280	4808
280	3457
280	2862
280	958
280	5980
281	4636
281	3326
281	649
281	2713
281	195
282	1656
282	2678
282	5553
282	1368
282	4420
282	1368
282	1656
282	4420
282	5553
282	2678
283	5377
283	4428
283	3660
283	87
283	4449
283	87
283	3660
283	4428
284	3039
284	4974
284	703
284	1506
284	1506
284	703
284	4974
284	3039
284	2531
285	3324
285	5686
285	5982
285	5982
285	1506
285	5686
285	3324
285	129
286	5954
286	1805
286	4891
286	504
286	5954
286	4891
287	2522
287	407
287	2584
287	5764
287	2522
287	5764
287	1192
287	2584
288	3839
288	270
288	5304
288	3333
288	876
289	2423
289	5492
289	5236
289	2223
290	1848
290	1587
290	1738
290	1848
290	1587
290	1777
290	1738
291	554
291	2638
291	5672
291	389
291	2141
292	6173
292	1951
292	1400
292	4002
292	1400
293	4082
293	4516
293	2371
293	237
293	3295
293	3295
293	4082
293	237
293	2371
293	4516
294	3097
294	5228
294	1862
294	5228
294	3097
294	111
294	2545
295	4199
295	3433
295	6174
295	3491
295	207
296	1907
296	883
296	3362
296	3496
296	2379
296	883
296	3362
296	3496
296	2379
297	4386
297	1667
297	859
297	4768
298	5633
298	374
298	4753
298	5191
298	85
299	3228
299	3640
299	3640
299	2926
299	3228
299	1108
299	1849
300	3118
300	1788
300	1254
300	2809
300	327
300	2809
300	1254
300	1788
300	3118
301	2454
301	4542
301	3033
301	5468
301	424
301	424
301	4542
301	2454
301	5468
301	3033
302	4568
302	4369
302	3719
302	4568
302	4369
303	5671
303	4742
303	2662
303	4975
303	1691
304	1281
304	2813
304	4438
304	2489
304	1383
304	2489
304	4438
304	2813
304	1281
305	4088
305	1338
305	5904
305	415
305	536
305	1338
306	2213
306	1391
306	2040
306	1391
306	3406
306	2213
306	2733
307	4553
307	877
307	3160
307	2271
307	4935
308	5772
308	5474
308	5554
308	5772
308	267
308	5474
309	2607
309	4131
309	1722
309	293
309	3196
309	293
309	1722
310	4962
310	3743
310	4570
310	1910
310	1102
310	5625
310	3501
310	357
311	2976
311	3310
311	4937
311	227
311	3557
312	2261
312	3352
312	3160
312	3207
312	4780
312	3352
313	2234
313	5957
313	2743
314	3252
314	3188
314	1677
315	5314
315	3853
315	2796
316	1541
316	1447
316	5916
316	4910
316	685
317	3328
317	1669
317	4794
317	4550
317	4784
317	4784
317	4550
317	1669
317	3328
318	1430
318	5421
318	2695
318	4486
318	4486
318	2695
318	4986
318	5421
318	1430
319	1968
319	2238
319	2150
319	4101
319	476
319	2238
319	1968
320	1375
320	1966
320	4209
321	4414
321	5984
321	5986
321	5024
321	1803
321	5986
321	5984
322	5943
322	3554
322	1068
322	2464
322	115
322	5943
322	3554
322	1068
322	2464
322	115
323	987
323	2481
323	1860
323	5397
323	4627
323	2481
323	987
323	4627
323	5397
323	1860
324	1613
324	1269
324	3712
324	400
324	5762
325	244
325	3291
325	1869
325	4280
325	4055
325	244
325	3291
325	1869
325	4280
325	4055
326	2407
326	5500
326	2297
326	2407
326	5500
327	373
327	1506
327	4602
327	4972
328	2702
328	2775
328	1727
328	3628
329	5435
329	2232
329	3571
329	3571
329	2232
329	3732
329	548
329	5435
330	920
330	3577
330	2858
330	920
330	3577
330	2979
330	2858
331	5639
331	3148
331	766
332	1217
332	2200
332	3135
332	2200
332	741
332	1217
332	1545
333	3670
333	3070
333	3059
333	2123
333	2062
334	4291
334	2616
334	4291
334	2616
335	2440
335	737
335	3970
335	3599
335	3970
335	3599
336	4487
336	2449
336	5201
336	424
336	244
336	244
336	424
336	5201
337	1467
337	3458
337	1408
337	2065
337	2352
338	347
338	4731
338	5607
338	5635
338	1915
339	2836
339	3933
339	4428
339	2441
339	5578
340	357
340	1676
340	2389
340	900
340	2389
340	1938
341	5184
341	609
341	2613
341	3358
342	3180
342	2763
342	6175
342	4528
343	4814
343	3562
343	2104
343	430
343	1713
343	4814
343	3562
344	2216
344	6176
344	2129
344	6177
344	2946
345	4056
345	170
345	1621
345	4536
346	2008
346	110
346	2661
346	6179
346	1579
346	6179
346	2661
346	110
346	2008
347	3743
347	4625
347	1530
347	4625
347	3755
347	267
347	3743
348	6180
348	1073
348	3669
348	5144
348	774
349	51
349	2468
349	436
349	1803
349	90
350	2277
350	3790
350	4577
350	2277
350	5988
350	4968
350	4968
350	5988
350	3790
350	2277
350	4577
351	2551
351	3931
352	5125
352	3456
353	980
353	3682
353	980
353	4038
353	1759
353	3682
353	4038
353	3671
353	980
354	2127
354	2119
354	2541
354	4571
354	2128
355	1243
355	273
355	5679
355	2636
355	5500
356	1810
356	3902
356	4721
356	2994
356	368
356	5867
356	3687
356	575
356	276
357	4691
357	3944
357	4782
357	4898
358	4841
358	4319
359	1469
359	354
359	4339
359	4034
359	68
360	1589
360	1178
360	1809
360	325
360	1115
361	2434
361	5989
361	5990
361	5991
361	5992
362	5153
362	4573
362	941
362	2682
362	2682
362	941
362	4573
362	2582
362	5153
363	6353
363	6352
363	6351
363	561
364	641
364	4956
365	3333
365	2328
365	1963
366	1491
366	2554
366	5579
366	2080
367	4041
367	4843
368	1255
368	5240
369	712
369	3818
369	1995
369	2714
369	3404
370	2849
370	1463
370	2139
370	1463
371	2222
371	5670
372	3682
372	2961
372	1151
372	3581
372	4284
372	3682
372	2961
372	1151
372	3682
372	3581
372	2961
372	4284
372	1151
372	1151
372	4284
372	2961
372	3581
372	3682
373	1558
373	2304
373	235
373	2163
373	2517
373	2517
373	2163
373	2304
373	1558
374	6182
374	4267
374	418
374	5054
374	4267
374	5054
374	6182
374	4267
374	5054
375	1647
375	3222
375	726
375	2111
375	2848
375	1647
375	3222
375	726
376	3340
376	657
376	2945
376	3930
376	6184
376	5660
376	6184
376	3930
377	3722
377	3632
377	2258
377	1854
377	4087
378	1056
378	1239
378	3906
378	2348
378	4827
378	3714
378	3714
378	1056
378	3906
378	1239
379	3362
379	2334
380	1542
380	5837
380	2722
380	5089
380	5040
380	5333
380	2722
380	5837
381	1712
381	3960
381	5302
381	2226
381	2710
381	930
382	3470
382	4158
382	3470
382	4605
382	1616
382	4158
382	3470
382	1616
382	4158
383	1127
383	5335
383	6187
383	5335
383	6189
383	1264
383	4039
383	6187
383	6189
383	6187
384	2457
384	4943
384	1584
384	1323
385	3002
385	5996
385	3111
385	5994
385	1194
385	5996
385	5994
385	1194
385	3002
385	3111
386	3201
386	2854
386	3201
386	5427
386	2339
387	3621
387	4599
387	103
387	1404
387	1488
387	5549
387	1404
387	103
387	4599
388	4371
388	5310
388	3529
388	304
388	1488
388	4371
388	3529
388	1488
388	5310
388	304
388	3339
389	3955
389	76
389	1971
389	4093
390	5399
390	5772
390	2006
390	5399
390	5948
391	1620
391	2196
391	3216
391	948
391	2568
391	3434
391	412
391	2703
391	5699
391	4778
391	1203
391	5807
392	2821
392	4635
393	5879
393	3109
393	4252
393	1695
393	5879
393	1741
393	1695
393	3858
394	2650
394	6191
394	6192
394	6190
395	3336
395	5093
395	5627
395	1774
395	5056
395	2183
395	5056
395	1774
395	5627
395	5093
395	3336
396	5759
396	2176
396	820
396	1474
396	565
396	5263
396	5759
396	2176
397	3247
397	5263
397	5029
398	1762
398	1613
398	4173
398	2452
398	4099
398	3898
399	143
399	3546
399	1187
399	143
399	3546
399	1187
399	3404
399	5777
399	1187
399	3404
399	5777
399	4389
399	3404
399	3546
399	143
399	1187
400	5862
400	2066
400	1975
400	1450
400	3569
400	2334
401	6193
401	4132
401	5812
401	3749
401	45
401	5286
402	4459
402	6195
402	4503
402	5496
402	3925
402	6197
402	6197
402	3925
402	4503
402	6195
403	4001
403	2957
403	1716
403	3016
403	3016
403	1716
403	3384
403	2957
403	5072
403	4001
403	5729
403	3160
403	2445
403	3887
403	3029
403	4189
403	6309
403	1010
403	1155
403	1010
403	6309
403	3887
403	4189
403	5729
403	3029
403	2445
404	6198
404	6200
404	6202
404	822
404	275
404	5773
404	822
404	6202
404	6200
405	5202
405	4012
405	854
405	5681
406	1103
406	2690
406	2467
406	3423
407	1994
407	2380
407	3746
407	495
408	1313
408	2519
408	1418
408	1313
408	1374
408	4765
408	4903
408	1374
408	2519
408	4903
408	582
408	3333
408	1215
408	3711
408	3301
408	802
408	2040
408	4870
408	582
408	5204
408	3301
408	802
408	2040
408	3333
408	1215
408	3711
409	6204
409	2709
409	6205
409	4517
409	6204
409	2709
409	6366
409	6365
409	6364
409	6363
409	6362
410	785
410	4835
410	3194
410	3883
410	5814
410	3194
410	3883
410	5814
411	4666
411	2470
411	2353
411	4964
411	2418
411	3075
412	5190
412	3130
412	4998
412	3699
412	5509
412	4998
413	2316
413	4350
413	3771
413	1490
413	1232
413	4350
413	1488
413	1232
413	2316
413	1490
414	5450
414	5817
414	3286
414	1771
414	5705
414	3849
414	1771
414	1771
414	5705
415	3976
415	101
415	4319
415	5079
416	908
416	3527
416	3654
416	1909
416	58
416	1818
416	1818
416	58
416	3654
416	3527
416	908
416	1909
416	3527
416	908
417	961
417	3899
417	1292
417	2110
417	1292
417	2110
417	1102
417	4291
417	1102
417	595
417	636
417	3965
417	446
417	595
417	1545
417	5170
417	3965
417	446
417	1984
417	1545
417	636
417	446
417	3965
417	4446
417	2383
417	5170
417	595
418	6356
418	4406
419	1643
419	3137
419	3642
419	3652
419	949
419	2064
420	2939
420	4068
420	2727
420	5369
420	1845
420	2985
420	2727
420	5369
420	1845
421	1183
421	3633
421	324
421	2929
421	2528
422	1192
422	703
423	3013
423	650
423	1025
423	6206
423	4957
423	46
424	1789
424	1757
425	2455
425	3305
425	3297
425	5859
425	1200
425	6207
426	99
426	4225
426	1278
426	545
426	4529
426	1034
426	4225
426	99
427	1794
427	4725
427	560
427	3437
427	920
427	1794
427	4725
427	920
427	3437
427	920
428	2004
428	5998
428	4850
428	4050
428	4850
428	2004
428	5998
428	4050
429	2827
429	1425
429	1387
429	3281
429	281
429	3308
430	5179
430	4958
430	2446
430	3164
430	610
430	3449
431	5678
431	2601
431	2182
431	2782
431	3673
432	1260
432	5607
432	3543
432	2085
432	454
432	5391
432	5391
432	2085
432	5607
432	1260
432	5391
432	2085
432	454
432	1260
432	3543
432	5607
433	5826
433	3040
433	1464
434	2104
434	5746
434	1189
434	430
434	4112
434	5097
434	5746
434	2104
434	2104
434	5746
434	5097
434	4112
434	1189
435	6208
435	6209
435	2415
435	1974
435	6210
435	6211
436	2665
436	2596
436	950
436	1918
437	5856
437	1372
437	4329
437	3914
438	2026
438	3593
438	1608
438	1890
438	2026
438	3593
438	1608
439	1272
439	4347
439	1651
439	1406
439	5588
439	5027
439	5027
439	1406
439	1651
439	4347
440	4468
440	2640
440	2301
440	1685
440	2576
440	5290
440	5290
440	2576
440	1685
440	2301
440	2640
441	155
441	1402
441	3018
441	2648
441	4818
441	2476
441	155
441	1402
441	3018
441	2648
441	4818
441	2476
442	3820
442	2806
443	5999
443	3099
443	1126
443	6000
443	4562
443	6001
444	1434
444	2016
444	1368
444	5142
444	698
445	2780
445	213
445	3527
445	4232
445	1031
445	4232
445	3527
445	213
445	1222
445	2780
445	2780
445	4232
446	2133
446	5872
446	2174
446	881
446	2624
446	3496
446	2624
446	881
446	2174
446	5872
446	2133
447	3954
447	2646
447	2490
447	5344
447	2626
447	3082
447	2646
447	3954
447	79
447	1784
447	1331
447	1564
447	5792
447	79
447	1331
447	1564
447	5792
447	5494
447	2573
447	5801
447	1784
448	6002
448	4734
448	890
448	3414
448	4734
448	3414
448	2496
448	4734
449	619
449	282
449	5431
449	3806
449	3229
449	5267
449	3806
449	5431
450	5560
450	220
450	787
450	5560
450	220
450	787
450	5156
451	5746
451	6338
451	5712
451	2416
451	5786
451	4028
452	2071
452	3970
452	1368
452	613
452	2226
452	6212
452	2226
452	1368
452	3970
453	1729
453	2593
453	3810
453	728
453	259
453	7
453	259
453	728
453	3810
453	1729
453	7
453	2593
454	4162
454	3094
454	320
454	1939
454	3657
454	4584
454	320
454	3094
454	4162
455	1861
455	4989
455	5265
455	5292
455	4833
455	1173
456	3788
456	3663
456	749
456	4907
456	4436
456	4007
457	1340
457	2988
457	203
457	4263
457	4463
457	2971
457	2988
457	4463
457	203
457	4263
458	2305
458	3646
458	1123
459	4198
459	4398
460	6213
460	2356
460	830
460	2124
460	3600
460	2850
461	6214
461	5631
461	642
461	2271
461	5614
461	4717
462	5281
462	1097
462	3042
462	310
462	2685
462	5281
462	3042
463	3167
463	3996
463	3167
463	3996
463	5928
464	4947
464	858
464	94
464	5319
464	4789
464	4852
465	3419
465	1479
465	1535
465	2205
466	4820
466	5633
466	4631
466	4335
466	3780
467	1608
467	4552
468	856
468	4301
468	2697
468	1079
468	2978
468	3409
468	3409
468	2978
468	1079
468	2697
468	4301
469	754
469	2421
469	5006
469	633
469	4242
469	4986
470	3711
470	1963
471	2515
471	1179
471	766
471	5750
471	546
472	5025
472	4190
473	4910
473	5237
473	6358
473	6357
474	5732
474	4020
474	2238
474	4095
474	3831
474	1598
474	3373
474	3172
474	4280
474	1070
474	2404
474	2706
474	1598
474	3373
474	3172
474	4280
474	1070
474	2404
474	2706
475	1970
475	3135
475	4086
475	1970
475	4086
476	3906
476	1239
476	5650
476	6003
476	3151
476	1239
476	5650
477	4319
477	815
477	2866
477	698
477	2506
477	4189
478	4065
478	2596
479	185
479	5938
479	4533
479	387
479	3605
479	3563
479	5938
479	185
480	3975
480	3772
481	2731
481	5585
481	2990
481	2030
482	5142
482	5828
482	58
482	999
482	5393
482	4414
482	5142
482	5828
482	58
482	999
482	5393
482	4414
483	2046
483	4073
483	4073
483	3338
483	1520
483	1418
483	1730
483	2046
484	1316
484	1463
485	595
485	4291
485	4048
485	5938
485	4291
485	4048
486	834
486	5581
486	2893
486	5756
486	4537
486	5581
486	2471
486	834
487	2187
487	1395
487	4378
487	2618
487	4804
487	799
487	2187
487	1395
487	4378
487	2618
487	4804
487	799
487	799
487	4804
487	1395
487	2187
488	2040
488	3776
488	2636
488	4105
488	3776
488	2636
488	5267
488	3822
489	1457
489	2246
489	2885
489	4343
489	4343
489	3604
489	2885
489	1301
489	2246
489	1457
489	2246
489	2885
489	2246
489	2885
489	4343
490	3560
490	3940
490	1227
490	5800
491	1140
491	5533
491	843
491	2986
491	2815
491	2348
492	2230
492	4561
492	2909
492	2271
492	2846
492	5039
493	5107
493	4641
493	135
493	5693
493	5896
493	365
493	2932
493	5225
493	809
493	135
493	2932
493	4918
493	5896
493	2932
493	5225
493	365
493	809
494	4590
494	2150
494	2029
494	2513
494	2150
494	2029
494	2029
494	3994
494	2150
494	1172
494	3994
495	3661
495	3534
495	3481
495	387
496	3957
496	5561
496	440
496	6215
496	4966
496	1021
496	6216
497	4787
497	3261
497	1867
497	5433
497	2156
497	749
497	5742
497	4787
497	3261
497	1867
497	5433
497	2156
497	749
497	5742
498	813
498	5607
498	5717
498	2460
498	816
498	4058
499	5327
499	4990
499	6360
499	4591
499	1113
499	6359
499	5576
500	1572
500	16
500	16
500	4566
500	840
500	1572
500	2716
500	4415
500	644
500	2716
500	1572
500	4566
501	3206
501	2527
501	5209
501	2079
501	1234
501	5779
501	5469
502	3245
502	466
502	3626
502	713
502	4809
502	3588
502	439
503	6004
503	6005
503	6006
503	6007
503	6008
503	6009
503	6010
504	5281
504	3879
504	2912
504	3933
504	5900
504	2912
504	532
504	3879
504	2459
504	5281
504	5281
504	3879
504	532
504	2912
504	2459
504	5900
505	1466
505	4751
505	6219
505	1466
505	4751
505	6219
505	457
505	376
505	6217
506	2107
506	757
506	5811
506	5548
506	1497
506	1624
506	2107
506	757
506	5811
506	1497
506	1624
506	5548
506	5548
506	1624
506	1497
506	1313
506	5811
506	757
506	2107
507	3238
507	3787
507	5449
507	1455
507	1283
507	2588
507	1455
507	1588
507	5449
507	2588
507	3238
507	3787
508	5128
508	3492
508	4328
508	5410
509	6018
509	6016
509	6014
509	5103
509	5893
509	6012
509	893
509	6012
509	5893
509	5103
509	6014
509	6016
509	6018
510	4067
510	2633
510	1033
510	6361
511	1738
511	2271
511	5647
511	481
511	4259
511	1368
511	2271
511	5647
511	1368
512	200
512	2215
512	200
512	3827
512	2424
512	3359
513	589
513	897
513	4296
513	297
513	6221
513	5348
513	6221
513	5933
513	297
513	4296
513	897
513	589
514	3947
514	5248
514	6223
514	2437
514	3109
514	587
514	1979
514	6223
514	3947
515	2271
515	1051
515	3699
515	5462
515	1938
515	735
515	735
515	5462
515	3699
515	1938
515	1051
515	2271
515	6224
516	5067
516	3610
516	337
516	4766
516	847
516	3729
516	6225
517	5007
517	1026
517	3192
518	2321
518	710
518	4832
518	5799
518	952
518	3311
518	130
518	4832
519	510
519	1062
519	5737
519	474
519	1027
519	4189
519	510
519	2239
519	1062
519	5737
520	5472
520	5594
520	5830
520	2577
520	2191
520	2505
521	606
521	5455
521	4711
521	4102
521	1102
521	6019
521	731
521	4711
521	5455
522	5768
522	5710
522	5729
522	1206
522	3252
522	3663
523	4647
523	1452
523	6226
523	75
523	2845
523	1452
523	75
524	153
524	5753
524	5012
524	2909
524	2909
524	5012
524	5753
524	2578
524	1808
524	5607
524	153
525	5033
525	3758
525	616
525	4158
525	5699
526	6020
526	6021
526	6023
526	70
526	6024
526	6026
526	4535
526	4535
526	70
526	6026
526	6023
526	6381
526	6380
526	39
527	3307
527	2146
527	4914
527	929
527	6228
527	1169
527	2100
527	2100
527	6228
527	929
527	2146
527	3307
528	4488
528	5534
528	3404
528	4746
528	669
528	302
528	2015
528	2015
528	302
528	3404
529	4641
529	3437
529	2435
530	660
530	3517
530	4009
530	4759
530	4464
530	1629
530	6028
530	6028
530	1629
530	4759
530	4009
530	3517
530	660
531	5177
531	6230
531	3832
531	3085
531	3336
531	6230
531	5177
531	4630
531	4108
532	2508
532	1032
532	1419
532	3345
532	2360
532	903
532	5001
533	6232
533	6231
534	2906
534	1144
534	1081
534	4273
535	2854
535	2806
535	1348
535	2854
535	2806
535	1293
536	6233
536	4149
536	5849
536	5628
536	6234
536	4879
536	773
537	5881
537	2929
537	1991
537	176
537	84
537	1813
537	1444
538	350
538	3183
538	5753
538	3316
538	153
538	3912
538	3644
538	3644
538	3912
538	153
538	3316
538	3183
538	350
539	5045
539	1999
539	1040
539	2728
539	3785
539	1040
539	3785
540	5683
540	5517
541	1608
541	5903
541	1517
541	516
541	2503
541	3299
541	5732
541	516
541	3266
541	447
541	2503
541	3299
541	5732
541	118
542	4160
542	6367
543	3943
543	2738
544	1656
544	601
544	2255
544	1922
544	2419
544	2507
544	5178
544	1922
544	1656
545	3416
545	4643
545	1076
545	4643
545	4613
545	4896
545	3416
545	6235
545	4961
545	1076
545	4613
545	4422
545	2967
545	2967
545	2184
545	3384
545	4422
545	2724
545	4169
545	5110
545	3785
545	1440
545	3369
545	5186
545	1368
545	781
545	781
545	1368
545	4242
545	5186
545	1074
545	3369
545	405
545	1440
545	1945
546	1268
546	5775
546	4996
546	412
546	4996
546	1848
546	6029
547	3962
547	1709
547	4839
547	2366
547	3962
547	4609
548	3183
548	2935
548	3912
548	2211
549	5860
549	361
549	3462
549	1497
549	5438
549	3507
549	3078
549	1497
549	5438
549	3462
549	5438
549	3507
550	4711
550	3980
550	4756
550	3672
551	3852
551	1815
551	4203
551	2676
551	672
552	4215
552	139
552	183
552	3748
552	5657
552	347
552	3272
552	3272
552	347
552	5657
552	3748
552	183
552	3272
552	5657
553	3318
553	4785
553	5142
553	6368
553	5789
553	4451
554	3650
554	5733
554	3104
554	3371
554	3650
554	3104
554	5887
554	1822
555	3272
555	183
555	4084
555	6030
555	6032
555	6033
555	183
555	1038
555	3272
555	6032
555	4084
556	4638
556	3064
556	3071
556	1776
556	494
557	2606
557	900
557	2892
557	2292
557	5086
557	488
557	5907
557	5907
557	488
557	2292
557	900
557	2606
557	5086
557	2892
558	2143
558	1942
558	2189
558	2369
558	2143
558	2086
558	3951
558	2189
558	5333
559	1839
559	5264
559	4468
559	6236
559	521
559	3480
559	726
560	4189
560	4711
560	1107
560	5130
561	574
561	6036
561	6038
561	6040
561	6042
561	6043
561	4848
561	4848
561	6042
561	6040
561	6038
561	6036
561	574
562	1611
562	5501
562	97
562	5481
562	4302
562	2631
563	1899
563	1632
563	6045
563	6044
564	2121
564	2889
564	4575
564	2420
564	6237
564	95
564	4575
564	2889
564	2121
564	612
565	4720
565	3384
565	145
565	4720
565	4193
565	145
565	4720
565	4193
565	3384
565	550
565	4340
566	5837
566	5588
566	2801
566	2190
567	1042
567	605
567	1042
567	5460
567	632
567	4109
567	925
567	632
568	3982
568	6239
568	5002
568	4861
568	3531
568	5940
568	3031
568	5940
568	3531
568	4861
568	6239
569	2254
569	410
569	4671
569	1852
569	5913
570	4905
570	3591
570	2026
570	3276
570	3198
570	5021
570	2054
570	5021
570	2054
570	4905
570	3591
570	3276
570	3198
570	2026
571	1273
571	4255
571	1898
571	4665
572	6240
572	707
572	2140
572	839
572	5064
572	5212
572	5060
573	61
573	2831
574	1348
574	1568
574	6243
574	5119
574	3873
574	4004
574	3056
574	3873
574	3056
574	1568
574	4004
574	5119
574	6243
574	1348
574	6243
574	3056
574	2965
574	2254
574	1296
574	1842
574	1583
574	2675
574	3255
574	4868
574	4875
574	4875
574	1842
574	1296
574	2254
574	4868
574	3255
574	2965
574	2675
574	1583
574	1329
574	700
574	5145
574	5706
574	5183
574	2241
574	3124
574	446
574	4261
574	4261
574	3124
574	1329
574	446
574	2241
574	5183
574	977
574	4671
574	3122
574	239
574	4471
574	674
574	3122
574	4297
574	3668
574	239
574	4471
574	674
575	4696
575	3547
575	4446
575	2501
575	3550
575	1528
575	856
575	1528
575	3550
575	2501
575	4446
575	4696
576	1045
576	3489
576	2943
576	4116
576	1045
576	3489
577	2208
577	2348
578	766
578	5676
578	5208
578	3293
578	6051
578	6048
578	6051
578	6048
578	5208
578	3293
578	5208
578	6048
578	4771
578	6051
578	5676
578	766
579	6248
579	2737
579	499
579	6246
579	927
579	927
579	6244
579	6246
579	3014
579	499
579	2737
579	6248
580	6053
580	120
580	3835
580	285
580	6053
580	120
580	285
580	3835
580	4842
581	4711
581	5064
581	2328
581	4189
581	1963
581	876
581	5142
582	2296
582	2482
582	3956
582	4901
582	4744
582	4473
582	2203
582	2203
582	4473
582	4901
582	2296
583	6250
583	3404
583	1304
583	3230
583	658
583	563
583	6250
583	3404
583	563
583	1304
584	5495
584	3208
584	3187
584	1096
584	4832
585	3249
585	6251
585	1213
585	1125
585	3855
585	1138
585	3088
585	3088
585	1125
585	1213
585	3249
586	4979
586	3952
586	5073
586	6369
586	511
587	626
587	6054
587	626
587	590
588	5539
588	4206
588	3242
588	6253
588	2439
588	1245
588	5539
588	2479
588	4206
588	3242
588	3242
588	4206
588	1245
588	2479
588	2439
588	6253
588	5539
589	5619
589	5338
589	5338
589	4548
589	1594
589	497
589	5619
589	5215
589	2903
589	1594
589	4548
590	843
590	2208
590	544
590	4333
590	1262
590	3113
590	3430
590	843
590	2208
590	544
590	4333
590	1262
590	3113
590	3430
590	4333
591	3497
591	5938
591	652
591	3356
591	2792
591	698
591	4189
591	4189
591	698
591	3356
591	652
591	5938
592	2456
592	879
592	2417
592	1992
592	879
593	1024
593	3847
593	5275
593	1943
594	5315
594	3026
594	1095
594	4137
594	2410
594	1379
594	4880
595	5576
595	3011
595	41
595	2311
595	41
595	3758
595	2311
596	3384
596	2757
596	5820
596	1863
596	4319
596	4986
597	1121
597	4385
597	4281
597	1750
598	6057
598	5885
598	6055
598	6057
598	5885
599	4450
599	5631
599	5274
599	3802
599	3356
599	790
600	5699
600	4146
600	503
600	5343
600	4158
600	3608
600	1243
600	4158
600	5699
600	1243
600	5343
600	503
600	4146
601	5729
601	5841
601	4510
601	3387
601	698
601	2672
601	3484
602	1014
602	766
602	3172
602	2534
602	5750
602	4978
602	1569
603	753
603	2400
603	2824
603	5440
603	753
603	2400
603	2154
603	1368
603	753
603	2400
603	2824
603	5440
603	1368
604	4063
604	1209
604	3239
604	4765
604	1738
604	2431
604	140
605	4765
605	2437
605	3796
605	3274
605	3201
606	175
606	3760
606	3302
606	2933
607	3701
607	5804
607	387
607	1424
607	4253
607	3312
607	3701
607	1424
607	1979
608	6339
608	1175
608	1679
608	1857
608	2664
608	1175
608	3949
609	4664
609	5729
609	31
609	2451
609	3387
609	5768
609	5571
609	4664
609	5729
609	31
609	2451
609	3387
609	5768
609	5571
610	2871
610	52
610	6340
610	829
611	2525
611	2091
611	2561
611	3727
611	332
611	1707
611	3947
612	3718
612	2493
612	5669
612	3120
612	733
612	5669
612	2493
612	3718
612	733
612	3135
612	2504
612	3120
613	5475
613	1426
613	2869
613	4469
613	2666
613	2881
614	884
614	3214
614	1840
614	4400
614	1602
614	2033
614	4330
615	5117
615	5888
615	5223
615	4127
615	6370
616	4583
616	5153
616	2394
616	4165
616	2842
616	4690
616	2394
616	2394
616	4690
616	2842
616	5153
616	4165
616	1279
616	4583
616	4165
616	2842
616	4690
617	1326
617	3567
617	723
617	4481
617	4668
617	4668
617	4481
617	723
617	3567
617	4135
617	1326
617	1678
618	547
618	2913
618	1926
618	1072
618	794
618	1882
618	2408
618	794
618	1072
619	1927
619	4945
619	2336
619	5806
619	1552
619	4945
619	2336
619	5806
620	2049
620	750
621	5143
621	1560
621	3102
621	1781
622	1740
622	553
622	2742
622	269
622	553
622	2116
622	1740
622	2871
622	4152
623	5371
623	6058
623	768
623	5257
623	6059
623	5385
623	2922
624	5293
624	4374
624	4014
624	5311
624	832
624	1413
624	832
624	4374
625	519
625	3765
625	3162
625	5702
625	2955
625	5489
626	853
626	5412
626	1433
626	2915
626	2376
626	2861
626	340
626	2915
626	1433
626	5412
627	2976
627	5524
627	3489
627	2548
627	2428
627	2342
627	5068
627	3489
627	2342
627	2548
627	2428
627	3489
627	2548
627	2428
627	2342
628	2816
628	6254
628	2901
628	6255
628	1698
628	4946
628	2673
629	5657
629	3635
629	1392
629	1548
629	5657
629	3635
629	1548
630	4430
630	2829
630	3439
630	6257
630	6257
630	3439
630	2829
630	4430
630	1118
630	6258
630	4064
631	3097
631	4683
631	5700
631	6060
631	3981
631	2235
631	4140
632	6062
632	6061
632	1445
632	729
633	4228
633	372
633	792
633	1876
633	4397
633	852
633	4920
633	1131
633	852
633	1131
633	1131
633	4920
633	852
633	4397
633	1876
633	792
633	372
633	4228
634	719
634	1506
634	4036
634	5446
634	5446
634	3178
634	4036
634	1472
634	1300
634	1506
634	719
634	1131
635	6063
635	6065
635	4479
635	449
635	6067
635	6069
635	6071
635	3774
635	3774
635	6071
635	6069
635	6067
635	449
635	4479
635	6065
636	4826
636	1397
636	5149
636	2077
636	1287
636	869
636	5149
636	2077
636	1397
636	1287
636	4826
636	1825
637	5619
637	4559
637	3130
637	4540
637	1339
638	2768
638	217
638	3567
638	5693
638	402
638	2768
638	3567
638	1973
638	402
638	1973
638	217
638	2792
638	217
639	2668
639	647
639	483
639	2630
639	5923
639	3623
639	3843
639	5328
639	3623
639	5923
639	647
640	4249
640	6371
640	1509
641	3752
641	3044
641	2963
641	5592
641	2097
641	3842
641	6072
641	4319
641	3752
641	5592
641	2097
641	3842
642	3559
642	2943
642	4544
642	1257
642	2015
642	960
642	4544
642	2943
642	960
642	2015
642	1257
642	3734
642	3626
642	3559
643	5416
643	4395
643	5851
644	5142
644	4019
644	2581
644	6259
645	4564
645	2382
645	624
645	3818
645	272
645	2539
645	417
645	1158
645	1158
645	417
645	2539
645	272
645	3818
645	624
645	2382
645	4564
645	1158
645	2539
645	624
646	6373
646	4334
646	3891
646	3118
646	53
646	6372
646	3630
646	4539
647	4242
647	4436
647	3259
647	4436
647	3586
647	4242
647	3950
647	779
647	4191
647	1270
648	886
648	382
648	2510
648	2294
648	886
648	382
648	2510
648	2294
649	2701
649	3473
649	1120
649	250
649	5610
649	4514
649	3480
649	2659
649	2659
649	250
649	1120
649	3480
649	2701
650	6075
650	5929
650	6073
650	6076
650	6074
650	2075
651	1906
651	3233
651	5100
651	3868
651	3527
651	4211
651	211
651	1705
651	1906
651	3233
651	5100
651	3868
651	3527
651	4211
651	211
651	1705
652	4150
652	3019
652	4406
652	6260
652	4125
652	3691
652	1690
652	3012
653	3118
653	2937
653	318
653	4044
653	3210
653	4619
653	4468
653	5955
653	3210
653	2937
654	4071
654	6264
654	3426
654	4031
654	982
654	3426
654	5377
654	6264
654	4071
654	982
654	3682
654	803
654	4031
654	3682
654	4071
654	6264
654	3426
654	4031
654	6264
655	1478
655	888
655	5477
655	525
655	1478
655	888
655	3983
655	3423
655	3602
655	1889
655	525
656	1941
656	172
656	640
656	6266
656	1675
656	5924
656	172
656	2443
656	1776
656	1941
656	2443
656	6266
656	640
657	3006
657	1573
657	1196
657	4063
657	6077
657	1159
657	1240
657	4095
658	5222
658	824
658	6078
658	5222
658	824
659	4322
659	985
659	6081
659	2115
659	1410
659	6081
659	6079
659	3440
659	2115
659	1410
660	5157
660	767
660	5819
661	3222
661	1247
661	5230
661	9
661	3818
661	5319
661	5230
661	1938
661	1247
661	4440
661	5319
661	3818
661	9
661	3222
662	197
662	2712
662	2230
662	378
662	4929
662	197
662	2783
662	2712
662	2230
662	378
662	4929
663	1433
663	3735
664	2997
664	5142
664	4100
664	4319
665	3476
665	5220
665	471
665	4738
665	5729
665	685
665	4738
665	1211
666	108
666	1797
666	3501
666	2222
666	382
666	289
666	4588
666	2222
666	108
666	3501
666	2222
666	3501
666	4588
666	289
666	1797
666	4123
666	108
666	382
666	1102
666	2043
666	671
666	2608
666	4129
667	6376
667	1473
667	6375
667	5956
667	6374
668	2720
668	3325
668	5674
668	5188
669	4402
669	4078
669	2643
669	1016
669	323
669	5846
669	5247
669	11
669	11
669	5247
669	5846
669	323
669	1016
669	2643
669	4078
669	4402
670	5613
670	523
670	2632
670	4376
670	246
670	6268
670	5613
670	6268
670	523
670	4376
670	246
671	3868
671	4319
671	4664
671	1906
671	5729
671	4436
671	1963
671	698
671	4436
671	5729
671	1906
671	4319
671	3868
672	3755
672	4918
672	1084
672	5288
672	2317
672	972
672	2952
672	2822
672	1084
672	4918
672	3755
673	310
673	3027
673	1714
673	4407
674	2031
674	3759
674	369
674	438
675	4884
675	2355
675	800
675	5682
675	3802
675	2192
675	5048
675	4934
675	1596
675	2344
675	4218
675	2172
675	4934
675	1596
675	2344
675	2172
676	1780
676	5307
676	5163
676	4730
676	3374
676	183
676	5446
676	4801
676	4498
676	5571
676	5273
676	1470
676	3023
676	1398
677	83
677	6082
677	3069
677	1759
677	347
677	4980
677	3606
678	5927
678	5788
678	5091
678	2178
678	5516
678	414
678	5014
678	94
678	5014
678	414
678	5516
678	2178
678	5091
678	5788
679	3258
679	1199
679	3889
679	2614
679	4991
680	1082
680	2055
680	4556
680	3912
680	2466
680	577
680	4556
680	2466
680	3912
680	3966
680	577
680	3215
681	3046
681	608
681	5927
681	2571
681	279
681	1086
681	608
681	3046
681	4914
681	3848
681	1086
681	279
682	5908
682	835
682	4090
682	289
682	17
682	4090
682	473
682	289
682	191
683	4791
683	4994
683	5850
683	3476
683	5684
683	1171
683	2161
683	5121
683	2161
683	5121
683	1171
684	5638
684	3352
684	5023
684	4681
684	5648
684	766
684	5023
684	4681
684	3459
684	5638
684	3352
684	5484
685	5256
685	92
685	5256
685	92
685	2386
685	3160
686	508
686	1998
686	4411
686	5861
686	4319
686	943
686	1895
686	33
686	1895
686	1998
686	33
686	943
686	4319
686	508
687	1019
687	1299
687	3923
687	433
687	6083
687	3304
687	1019
687	5070
687	1299
687	3923
687	433
687	5070
687	1299
687	3923
687	433
687	1019
687	3923
688	2900
688	4679
688	5795
688	5363
688	680
688	1610
688	1320
688	5347
688	1320
688	1610
688	680
688	5363
688	5795
688	4679
688	2900
688	680
688	4679
688	2900
688	1320
688	680
688	5363
688	5795
688	4679
688	2900
689	5883
689	1812
689	462
689	819
689	3692
689	3445
689	26
689	437
689	5883
689	1812
690	4520
690	5382
690	3068
690	3740
690	4520
690	5382
690	3068
690	3740
690	1023
690	3322
690	1385
690	1385
690	3322
690	1023
690	3740
690	3068
690	5382
690	4520
690	2574
691	4223
691	4711
691	5729
691	5036
691	2922
692	255
692	2026
692	4492
692	4492
692	3222
692	1667
692	2026
692	3613
692	255
692	427
692	3765
692	3765
692	427
692	255
692	3613
692	2026
692	1667
692	4492
693	4823
693	1056
693	6087
693	6085
693	6085
693	5254
693	1056
693	4823
693	3357
693	146
693	6087
693	4303
694	1334
694	3917
694	1911
694	5304
694	3711
694	2821
694	2495
694	5729
695	3682
695	2800
695	4853
695	2739
695	611
695	3791
695	3080
695	3838
696	5667
696	1748
696	4143
696	5634
696	5898
696	2599
696	4220
696	5903
696	2599
696	5898
697	2682
697	5572
697	108
697	5577
697	1882
697	5124
697	3730
697	5408
697	5124
697	1882
698	2982
698	3918
698	1195
698	971
698	6269
698	4569
698	4457
698	3411
698	3411
698	4457
699	4927
699	2629
699	3512
699	1164
699	4242
699	4122
699	4167
699	4167
699	4122
699	4242
699	1164
699	3173
699	3512
699	2629
699	4927
700	4611
700	4716
700	118
700	3421
700	683
700	118
700	306
700	112
700	4716
700	683
700	4611
700	4286
700	3421
701	1898
701	226
701	3825
701	162
702	1938
702	2089
702	4011
702	5607
702	5699
702	4855
702	2089
702	6271
702	6271
702	2089
702	4855
702	1938
702	5699
702	2843
702	5607
702	4011
703	5839
703	1521
703	125
703	1440
703	4960
703	125
703	1440
703	4960
703	1440
704	1506
704	2355
704	3994
704	5873
704	14
704	3314
704	2880
704	4628
705	5043
705	34
705	135
705	4138
705	5790
706	3205
706	1883
706	3938
706	4816
706	5491
706	3205
706	3938
706	4816
706	5491
707	2644
707	1600
707	1864
707	1271
707	2707
708	4015
708	1104
708	2659
708	2774
708	1068
708	494
708	4395
708	5661
708	5404
708	1383
708	4395
708	494
708	1068
709	954
709	4280
709	2785
709	1540
709	5837
709	4949
709	4135
709	2282
709	2282
709	1540
709	2785
709	4280
709	954
709	4135
709	4949
709	5837
710	4639
710	2472
710	828
710	534
710	973
710	1829
710	1820
710	1829
710	1645
710	1820
711	80
711	1625
711	5829
711	2247
712	187
712	1938
712	4865
712	347
712	90
712	90
712	347
712	2835
712	4865
712	267
712	3690
712	1938
712	187
713	6378
713	6377
713	3977
714	3089
714	5641
714	1095
714	3106
714	3433
714	2803
715	4551
715	5377
715	3702
715	2620
715	1827
715	1657
715	1996
716	5847
716	3068
716	274
716	1585
716	3854
716	1965
716	113
716	3161
716	1965
717	3141
717	5356
717	135
717	2530
717	6273
717	1780
717	5446
717	6274
717	5356
717	3141
717	1780
717	6273
717	5356
718	6091
718	6090
718	3043
718	4092
718	827
718	4554
718	6092
719	6102
719	6099
719	6097
719	6095
719	6093
719	5383
719	2260
719	6095
719	6097
719	6099
719	6100
719	6102
720	3823
720	2374
720	4041
720	1004
720	3050
720	5663
720	1476
720	3893
720	3893
720	1476
720	5663
720	3050
720	1004
721	599
721	796
721	6103
721	5466
721	1917
721	788
721	4216
721	796
721	599
721	2274
722	1095
722	6105
722	892
722	2167
722	5168
722	558
722	558
722	5168
722	2167
722	2098
722	892
722	5465
722	6105
722	1095
723	2324
723	5875
723	2969
723	302
723	5709
723	2324
723	6106
723	5709
723	2969
723	302
723	3037
723	2324
723	5875
723	5709
724	4189
724	3711
724	4711
724	2951
724	5263
724	4711
724	766
724	5263
724	3470
724	305
724	3711
724	2951
724	4189
725	4391
725	4790
725	5196
725	3473
725	267
725	4646
725	1506
725	2154
725	5196
725	3473
725	4646
726	3444
726	6276
726	4882
726	3851
726	128
726	465
726	3540
726	465
726	128
726	4882
726	6276
726	121
726	3851
726	3444
726	128
726	465
727	6108
727	2927
727	909
727	6090
727	60
727	5464
727	2402
727	6110
727	6110
727	2402
727	5464
727	60
727	6090
727	6108
728	1632
728	36
728	2787
728	3637
728	2999
728	1632
728	36
728	2999
728	2447
728	2953
728	2787
728	5687
729	4027
729	5890
729	4605
729	485
729	1788
729	4736
729	3597
729	485
729	3344
729	3597
729	4736
729	5890
729	4027
729	4605
729	1788
730	2469
730	5571
730	2782
730	3454
730	4635
730	3160
730	3454
730	2600
730	4635
730	3160
730	3454
731	480
731	629
732	5921
732	2214
732	3007
732	2534
732	766
733	3433
733	2803
733	2108
733	5508
733	4748
733	3455
733	4493
733	3149
734	3890
734	3050
734	3768
734	2535
734	714
734	5122
734	1637
734	5033
735	1695
735	3752
735	951
735	1516
735	5115
735	6111
735	5950
735	1516
735	5950
736	2874
736	2951
736	4105
736	1208
736	1208
736	4395
737	2462
737	5756
737	1348
737	2462
737	5756
737	5774
737	4619
737	361
737	1348
737	4619
737	1348
738	4799
738	3812
738	6114
738	2610
738	6115
738	4509
738	6116
738	4249
738	4249
738	4509
738	2610
738	6114
738	3812
738	4799
739	82
739	1671
739	5142
739	1060
739	5331
739	4066
739	4561
739	4483
739	5331
739	1060
739	5142
739	1671
739	82
739	1060
739	5331
739	4483
740	157
740	923
740	3941
740	2745
740	1851
740	873
740	3
740	3079
740	873
740	1851
740	2745
740	923
740	157
741	932
741	2526
741	5172
741	2309
741	5471
741	4765
741	3144
741	597
741	5471
741	932
741	597
741	3144
741	4765
741	2309
742	1529
742	5535
742	4381
742	1753
742	1162
742	4500
742	4934
742	77
743	1145
743	2886
743	4513
743	1701
743	5426
743	4202
743	50
743	5659
743	5659
743	50
743	1701
743	4513
744	5199
744	6117
744	2962
744	1874
744	6118
744	6119
744	5624
744	2351
745	332
745	2561
745	2525
745	984
745	668
745	5417
745	1707
746	4122
746	4460
746	234
746	1634
746	467
746	846
746	1
746	4796
746	1
746	4796
746	234
746	846
747	6123
747	4912
747	5520
747	6121
747	4939
747	5367
747	6123
747	6121
747	2425
747	4912
747	5520
748	6125
748	4461
748	2093
748	6125
748	5747
749	5459
749	2706
749	657
749	3035
749	4651
749	657
749	5288
749	3035
749	4651
750	4637
750	1302
750	2350
750	316
750	5748
750	2361
750	782
751	4130
751	5894
751	1285
751	4285
751	3289
752	48
752	3971
752	537
752	4124
752	2448
752	3532
752	3595
752	2586
753	4865
753	3288
753	2497
753	5041
753	3288
754	3446
754	4059
754	6126
754	6127
754	4344
754	2041
754	2168
754	6128
755	1752
755	297
755	313
755	5351
755	5106
755	3656
755	664
755	2894
755	664
755	5106
755	297
755	3656
755	1752
756	5232
756	3711
756	5076
756	908
756	4635
756	3347
757	5142
757	2046
757	1037
757	3484
757	5298
757	4019
757	6379
757	3619
758	1660
758	68
758	3176
758	1469
758	4339
758	354
758	1513
758	1578
759	3927
759	2068
759	4080
759	4424
759	5853
759	1719
759	31
759	698
759	3927
759	2068
759	4080
759	4424
759	5853
759	1719
759	31
759	698
760	4873
760	1481
760	4728
760	1114
760	984
760	2525
760	2091
760	332
760	3727
760	2561
760	1566
760	2934
760	5313
760	5313
760	2561
761	2860
761	1443
761	3077
761	44
761	6278
761	3724
761	3998
761	6280
761	6280
761	3998
761	3724
761	6278
761	44
761	3077
761	2860
762	5066
762	3058
762	3875
762	2567
762	871
762	5263
762	5194
762	4773
762	4773
762	5194
762	5263
762	2567
762	3058
762	3875
762	5066
762	871
762	2567
763	1342
763	5109
763	123
763	3860
763	1285
763	3860
763	2483
763	123
763	6129
763	5642
763	5109
763	1342
764	149
764	2126
764	4714
764	3615
764	5457
764	1888
764	2126
764	1888
764	3615
764	5457
764	6281
764	6282
764	4714
764	149
765	3588
765	1990
765	479
765	3765
765	1488
765	479
765	3765
766	6283
766	31
766	1804
766	2328
766	1963
766	4711
766	3868
766	3711
767	2749
767	5680
767	4418
767	4621
767	2749
767	4418
767	1644
767	456
767	3824
767	456
768	339
768	4896
768	1350
768	770
768	4098
768	1824
768	5558
768	4098
768	5558
768	770
768	1824
768	936
768	1350
768	4896
768	339
769	5238
769	1471
769	5447
769	2063
769	3548
769	6284
769	4129
769	4525
770	4755
770	4839
770	167
770	2366
770	5740
770	1656
771	6292
771	6289
771	2656
771	6287
771	4076
771	3074
771	3074
771	4076
771	5174
771	6287
771	2656
771	1368
771	6289
771	6292
771	6292
771	6287
771	4076
771	3074
772	6135
772	6132
772	4532
772	604
772	3504
772	64
772	5321
772	6135
772	4532
772	604
772	4879
772	6132
772	5321
772	6132
772	64
772	4879
772	3504
772	604
772	4532
772	6135
773	2612
773	2984
773	2765
773	3061
773	397
773	397
773	451
773	3061
773	4775
773	2765
773	2984
773	5840
773	2612
774	1791
774	5493
774	2042
774	3136
774	3000
775	5142
775	4436
775	2730
775	1458
775	3688
775	5370
775	5004
776	2947
776	5657
777	1695
777	5455
777	4091
777	446
777	4110
777	2747
777	3146
777	6293
777	778
777	2747
777	3146
777	778
778	1814
778	2839
778	4770
778	3245
778	435
778	1807
778	4501
778	5005
778	2839
778	4770
778	3245
778	435
778	1807
779	6294
779	3897
779	5326
779	1873
779	4594
779	160
779	6295
779	2792
779	6298
779	6298
779	2792
779	1873
779	160
779	4594
779	5326
779	2792
779	1873
779	6298
779	160
779	4594
779	5326
780	4839
780	4779
780	2876
780	3896
780	1137
780	3539
780	913
780	5155
780	1771
780	913
780	1137
780	3896
780	2876
781	846
781	3225
781	3160
781	3384
781	5542
781	2259
781	2877
782	3101
782	248
782	5172
782	4694
782	5087
782	3101
782	578
782	4694
782	2254
782	3820
783	749
783	2922
783	2364
783	4148
783	1177
783	4941
783	4498
783	5571
783	2993
783	2993
783	5571
783	4498
783	4941
783	1177
783	4148
783	2364
783	2922
783	749
784	2397
784	5528
784	990
784	4828
784	2397
784	5528
784	348
784	3829
785	1938
785	1488
785	3928
785	6300
785	6299
785	676
785	3303
785	4747
785	3266
786	4013
786	2279
787	4649
787	1761
787	1742
787	2307
787	4293
787	4649
787	2307
787	4293
788	3683
788	736
788	1821
788	3030
788	1711
788	3284
788	3513
788	866
788	1711
788	3284
789	4981
789	3840
789	3151
789	4694
789	5378
789	2079
789	935
790	365
790	1745
790	1733
790	628
790	3092
790	530
790	4757
790	3092
790	628
790	1733
790	1914
790	1745
790	2536
790	365
791	4044
791	5180
791	214
791	3586
791	3539
791	4821
791	766
791	4044
791	3539
791	4254
792	2688
792	5511
792	4022
792	1556
792	1556
792	5236
792	5511
792	5545
792	4022
792	3846
792	1534
792	2564
792	2688
792	2564
792	1534
792	3846
792	5236
792	2564
792	1534
792	5236
792	2688
792	3846
792	5545
793	4723
793	3278
793	3404
793	4202
793	630
793	1925
793	3441
793	5816
793	4891
793	3278
793	4723
794	4845
794	1368
794	1540
794	4859
794	2319
794	4776
794	4859
794	2319
795	4525
795	3412
795	5735
795	1688
795	2246
795	4525
795	778
795	5502
796	4597
796	1554
796	2
796	5281
796	4608
796	3729
796	647
796	5054
797	6307
797	6306
797	6305
797	6304
797	6303
797	6302
797	6301
798	3989
798	226
798	5507
798	2561
798	5113
798	3881
798	5507
798	2561
798	4807
798	5113
798	5113
798	4807
798	1111
798	4746
798	226
798	2561
798	3989
798	5507
798	3881
798	3989
798	1111
799	4197
799	6385
799	1731
799	6384
799	6383
799	4669
799	6382
799	4774
799	2691
800	653
800	1772
800	4793
800	1896
801	4492
801	775
801	615
801	4891
802	4319
802	902
802	1116
802	839
802	4455
802	2752
802	1617
802	5272
802	1792
803	3460
803	5857
803	5155
803	5162
804	5076
804	291
804	2821
804	5571
804	2925
804	5298
804	5031
804	316
804	316
804	2851
804	5298
804	2925
804	5031
804	5571
804	2821
804	291
804	5076
805	719
805	6136
805	2414
805	5903
805	3084
805	2793
805	1250
805	6137
805	1317
805	1250
805	3084
805	2414
806	4931
806	2550
806	4931
806	2550
806	1900
806	3804
806	2290
806	1313
806	3804
806	2290
807	2287
807	5815
807	280
807	4987
807	6138
807	619
807	2409
807	4350
807	1266
808	6310
808	2169
808	2314
808	4936
808	4558
808	4228
808	372
808	4352
808	4119
809	194
809	5078
809	1882
809	3509
809	947
809	194
809	5078
809	1882
809	3509
809	2955
809	947
809	3979
809	3916
809	137
810	3935
810	1950
810	5358
810	4697
810	2026
810	5769
811	2606
811	1640
811	4385
811	3541
811	3384
811	1640
811	4385
811	406
811	3273
811	1640
811	4385
811	3384
811	2606
811	3770
812	5064
812	999
812	5298
812	638
812	4319
812	4498
812	459
812	1906
812	1906
812	459
812	4498
812	4319
812	638
812	5298
812	387
812	999
812	5064
813	4619
813	205
813	4325
813	1168
813	744
813	4115
813	4325
813	1168
813	744
813	4115
813	4619
813	4325
813	1168
813	744
813	4115
813	2376
813	4046
814	3795
814	6312
814	5365
814	5858
814	1435
814	5915
814	2827
814	5550
814	5159
814	5159
814	2827
814	5915
814	5365
814	6312
814	3795
815	1378
815	2158
815	5802
815	2395
815	4387
815	2158
815	1531
815	4807
815	5844
815	5921
815	1378
816	967
816	6314
816	2735
816	3391
816	2652
816	3009
816	3285
816	206
816	2325
816	3009
816	2652
816	3391
816	2735
816	6314
816	967
817	1836
817	839
817	4319
817	5734
817	4956
818	4107
818	1830
818	4871
818	6316
818	705
818	2218
818	368
818	2218
818	6316
818	705
819	4664
819	405
819	4103
820	1005
820	3147
820	675
820	3343
820	4271
820	4906
820	3978
820	5418
820	138
821	2250
821	4972
821	4602
822	2844
822	4006
822	564
822	1519
822	313
822	1463
822	2071
822	6317
822	2071
822	1519
822	313
822	861
822	1463
823	475
823	3253
823	5379
823	1386
823	20
823	818
823	4106
823	20
823	818
824	3869
824	5481
824	4682
824	5086
824	100
824	6386
824	3257
824	5608
824	3179
825	569
825	3064
825	2035
825	2499
825	2373
825	5488
825	2200
825	4893
825	2799
825	2799
825	4893
825	2200
825	2373
825	2499
825	2035
825	3064
825	569
826	4921
826	259
826	399
826	4222
826	3888
826	259
826	1007
826	399
826	428
826	4222
826	1007
826	1165
827	3601
827	5808
827	5302
827	3352
827	5701
827	6139
828	5497
828	4217
828	2320
829	1416
829	2195
829	3337
829	5944
829	4826
829	1581
829	1581
829	963
830	3737
830	3629
830	4380
830	5870
830	2233
831	2004
831	506
831	2755
831	3203
831	4272
831	3835
831	3341
831	2755
831	506
831	3106
832	1642
832	5128
832	229
832	4365
832	169
832	2332
832	1107
832	2332
832	4365
832	169
832	4365
832	229
832	1107
832	2332
832	1983
832	5128
832	1642
832	3142
833	2762
833	4358
833	3808
833	2385
833	2385
833	4358
833	3808
833	1197
833	527
833	1626
833	621
833	161
833	2762
833	621
833	527
834	1020
834	1210
834	6387
834	5323
834	420
834	2641
834	3310
834	3447
834	4367
835	2484
835	2280
835	1540
835	1738
836	1687
836	666
836	572
836	4887
836	812
836	4741
836	1687
836	666
836	572
836	5798
836	4887
836	812
836	4741
836	572
836	5798
836	4887
836	812
836	4741
836	867
836	1855
836	3448
837	1660
837	4034
837	3176
837	1513
837	68
837	354
837	4339
837	1578
837	1578
837	4339
837	354
837	68
837	1513
837	3176
837	4034
837	1660
837	3627
838	6323
838	5250
838	6320
838	6323
838	5250
838	6320
838	3393
838	1442
838	5058
838	5391
838	3393
838	6323
838	1442
838	3226
838	6318
838	5058
838	5391
839	814
839	3480
840	3225
840	5925
840	1378
841	4321
841	6389
841	5782
841	6388
841	3231
842	2917
842	519
842	2026
842	3613
842	2081
842	4025
842	533
842	3370
842	5738
842	2026
842	519
842	2917
843	1161
843	1143
843	6391
843	1161
843	1143
843	1697
843	1843
843	1109
843	131
843	6390
843	4168
844	826
844	3177
844	5384
844	5555
844	2491
844	1122
844	2405
845	5071
845	2741
845	5034
845	4256
845	5174
846	6141
846	4159
846	6140
846	375
846	3826
846	4619
846	4484
846	5536
847	336
847	699
847	3272
847	4416
847	183
848	6394
848	6393
848	6392
848	3624
849	805
849	5689
849	2813
849	4242
849	2837
849	1264
849	4242
849	2813
849	5689
849	3658
849	2689
849	72
849	4354
849	805
850	3212
850	1551
850	1064
850	5865
850	3919
850	6324
850	4527
850	4327
850	4527
850	3212
850	1551
850	6325
850	1064
850	5865
850	454
850	4327
851	13
851	47
851	3989
851	1226
851	4446
851	1528
851	2271
851	1226
851	1528
851	2074
851	13
851	3989
851	1226
851	4446
851	1528
852	4118
852	4596
852	451
852	4925
852	4118
852	347
852	3346
852	1192
852	4596
852	5607
853	2866
853	4319
853	3711
853	3800
853	1946
853	5247
854	2855
854	4474
855	4171
855	5948
855	1912
855	5863
855	1760
855	3262
855	4836
856	2119
856	3736
856	1198
856	5095
857	4602
857	1453
857	5629
857	5395
857	4972
857	2514
857	73
857	1599
857	1993
858	3758
858	2122
858	2364
858	719
858	1146
858	4938
858	584
858	1836
858	3217
858	4189
859	5644
859	5542
859	4687
859	3648
859	2474
859	6327
859	1202
859	1202
859	5455
859	6327
859	2391
859	2313
859	2474
859	3648
859	4687
859	5542
859	5644
859	2391
859	5455
860	1816
860	2873
860	2172
860	3236
860	3442
860	5760
860	5778
860	4545
860	5104
860	5308
861	3527
861	698
861	5619
861	393
861	5877
861	1865
861	939
861	3394
861	698
861	4189
861	3527
861	5877
861	393
861	5619
861	3165
862	2692
862	2756
862	4590
862	3973
862	5168
862	1791
863	1508
863	4812
863	2377
863	3785
863	3581
863	614
863	5823
863	3388
863	5218
863	955
863	1508
863	4812
863	3785
864	3813
864	2180
864	1506
864	3404
864	3959
864	2052
864	2097
864	1449
864	3053
864	4358
864	4358
864	3053
864	1449
864	2097
864	3959
864	2180
865	5919
865	4446
865	1619
865	6142
865	3160
865	4425
865	3821
865	5400
865	3160
865	741
865	1619
866	1608
866	5781
866	5323
866	3651
866	1749
867	6328
867	1239
867	1771
867	1680
867	3428
867	24
867	2970
867	5080
867	1324
867	2136
868	4212
868	4644
868	6143
868	1316
869	4546
869	4873
869	405
869	4728
869	2165
870	945
870	1183
870	2227
870	2741
870	5667
870	1756
870	2981
870	1368
870	1756
870	2981
870	5667
870	1756
870	1368
870	5667
870	1368
871	5353
871	1982
871	1153
871	2152
871	5386
871	939
871	1276
871	4910
871	1222
871	5415
871	5415
871	939
871	1222
871	2152
871	1982
871	5353
871	1276
871	1153
872	6329
872	6330
872	6331
872	5083
872	3689
872	6332
872	6333
872	6334
872	6335
872	6336
873	1891
873	6337
873	5285
873	1886
873	1088
873	2159
873	3568
873	4956
873	670
873	5404
873	5404
873	5285
874	5891
874	1522
874	3256
874	18
874	2730
874	3603
874	5377
874	5044
875	2766
875	2627
875	468
876	5826
876	4869
876	913
876	469
876	540
876	1982
876	963
876	1614
876	1944
876	500
877	1963
877	3536
877	4452
877	5768
877	3885
877	4664
877	1336
877	1037
877	2771
877	1137
877	1137
877	1336
877	4664
877	1963
878	3092
878	3363
878	472
878	1720
878	2262
878	2904
878	3474
878	3716
878	5042
878	1633
